SPECIES_NUM: 200
DEVELOP_NUM: 1000
pm: 0.4
pc: 0.35
TALENT_RESERVE_RATE: 0.25
EPOCHS: 1
1 3019.2998
2 2978.0315
3 2929.1682
4 2897.6267
5 2849.223
6 2825.2546
7 2789.301
8 2758.0706
9 2721.876
10 2667.8398
11 2608.6338
12 2558.814
13 2531.5303
14 2500.7817
15 2454.2827
16 2422.7148
17 2416.8633
18 2392.1294
19 2370.2827
20 2366.6084
21 2350.6326
22 2338.7166
23 2280.5176
24 2245.147
25 2200.2097
26 2175.3376
27 2145.6409
28 2119.2537
29 2088.013
30 2031.6322
31 2025.2692
32 1993.9921
33 1940.2019
34 1908.4072
35 1892.862
36 1871.5792
37 1859.6681
38 1834.4875
39 1826.4529
40 1816.4934
41 1802.9109
42 1781.5789
43 1741.0481
44 1724.5071
45 1701.6865
46 1701.6865
47 1682.2289
48 1675.4376
49 1673.097
50 1662.8405
51 1662.8405
52 1648.4822
53 1640.1887
54 1616.7087
55 1607.9235
56 1605.4462
57 1599.257
58 1590.7808
59 1588.3456
60 1580.0964
61 1558.3474
62 1557.3492
63 1556.9518
64 1554.0089
65 1554.0089
66 1552.349
67 1530.7489
68 1523.0262
69 1523.0262
70 1523.0262
71 1514.4635
72 1511.4237
73 1498.1227
74 1495.1698
75 1486.174
76 1462.7626
77 1462.182
78 1438.1571
79 1438.1571
80 1432.89
81 1429.3698
82 1406.2916
83 1394.7196
84 1391.1464
85 1387.5839
86 1387.5839
87 1387.5839
88 1381.1382
89 1376.7562
90 1370.3091
91 1341.7699
92 1332.9219
93 1326.9594
94 1326.9594
95 1322.7002
96 1313.9265
97 1308.6326
98 1303.055
99 1302.7231
100 1302.3005
101 1300.707
102 1292.7244
103 1270.7083
104 1270.7083
105 1270.7083
106 1270.7083
107 1270.7083
108 1270.7083
109 1269.8181
110 1266.052
111 1257.6418
112 1245.2567
113 1226.471
114 1222.2788
115 1219.1406
116 1217.1338
117 1217.1338
118 1217.1338
119 1217.1338
120 1217.1338
121 1217.1338
122 1217.1338
123 1217.1338
124 1215.0365
125 1215.0365
126 1210.1772
127 1210.1772
128 1210.1772
129 1210.1772
130 1210.1772
131 1210.1772
132 1210.1772
133 1210.1772
134 1209.5554
135 1206.8854
136 1198.0238
137 1198.0006
138 1180.6713
139 1175.3538
140 1169.3702
141 1154.5575
142 1154.5575
143 1154.5575
144 1142.864
145 1142.864
146 1142.864
147 1142.864
148 1137.2239
149 1137.2239
150 1137.2239
151 1136.1344
152 1126.5781
153 1121.631
154 1119.3733
155 1119.3733
156 1119.3733
157 1119.3733
158 1115.1038
159 1108.294
160 1104.6094
161 1084.4393
162 1082.9995
163 1082.9995
164 1082.9995
165 1082.9995
166 1082.9995
167 1082.9995
168 1082.9995
169 1082.9995
170 1082.9995
171 1081.7374
172 1080.6254
173 1067.4521
174 1066.9607
175 1061.3969
176 1061.3737
177 1061.3737
178 1061.3737
179 1061.3737
180 1061.3737
181 1061.3737
182 1049.2932
183 1049.2932
184 1043.7588
185 1043.7588
186 1040.8633
187 1039.0581
188 1039.0581
189 1039.0581
190 1036.1671
191 1035.9915
192 1030.0986
193 1030.0986
194 1023.8957
195 1023.8957
196 1022.0885
197 1008.60974
198 1008.60974
199 1008.60974
200 1008.60974
201 1008.60974
202 1008.60974
203 1008.56433
204 1008.56433
205 1008.56433
206 1008.56433
207 1005.54205
208 996.1373
209 996.1373
210 996.1373
211 996.1373
212 982.48413
213 982.48413
214 972.61646
215 972.61646
216 972.61646
217 972.61646
218 967.5409
219 967.5409
220 967.5409
221 967.5409
222 964.2887
223 964.2887
224 964.2887
225 964.2887
226 964.2887
227 964.2887
228 958.6285
229 945.12555
230 945.12555
231 943.1785
232 943.1785
233 937.36707
234 937.36707
235 937.36707
236 926.22595
237 926.22595
238 926.22595
239 926.22595
240 923.8605
241 915.05414
242 915.05414
243 915.05414
244 915.05414
245 915.05414
246 909.75903
247 909.75903
248 909.75903
249 909.75903
250 909.75903
251 909.75903
252 907.3443
253 907.3443
254 907.3443
255 907.3443
256 907.3443
257 907.3443
258 905.4449
259 902.2508
260 902.2508
261 902.2508
262 885.5991
263 885.5991
264 874.9059
265 874.9059
266 874.9059
267 874.9059
268 874.9059
269 874.9059
270 874.9059
271 874.9059
272 867.729
273 867.729
274 867.729
275 867.729
276 867.729
277 867.729
278 867.729
279 867.729
280 867.729
281 867.0054
282 867.0054
283 861.45386
284 861.45386
285 861.45386
286 858.3279
287 858.3279
288 858.2622
289 858.2622
290 858.2622
291 858.2622
292 858.2622
293 858.2622
294 855.50616
295 855.50616
296 855.50616
297 855.50616
298 855.50616
299 855.50616
300 855.50616
301 855.50616
302 855.50616
303 855.50616
304 848.18524
305 848.18524
306 848.18524
307 848.18524
308 848.18524
309 848.18524
310 848.18524
311 848.18524
312 848.18524
313 848.18524
314 848.18524
315 848.18524
316 848.18524
317 848.18524
318 848.18524
319 848.18524
320 848.18524
321 848.18524
322 848.18524
323 848.18524
324 848.18524
325 843.5512
326 843.5512
327 843.5512
328 843.5512
329 843.5512
330 843.5512
331 843.5512
332 843.5512
333 843.5512
334 832.1596
335 832.1596
336 832.1596
337 832.1596
338 832.1596
339 832.1596
340 832.1596
341 832.1596
342 832.1596
343 832.1596
344 829.72284
345 829.72284
346 829.72284
347 829.72284
348 829.21014
349 829.21014
350 829.21014
351 829.21014
352 829.21014
353 829.21014
354 829.21014
355 829.21014
356 824.3337
357 824.3337
358 824.3337
359 824.3337
360 824.3337
361 815.6917
362 815.6917
363 815.6917
364 815.6917
365 815.6917
366 815.6917
367 815.6917
368 815.6917
369 815.6917
370 812.85645
371 812.85645
372 812.85645
373 812.85645
374 812.85645
375 812.85645
376 812.85645
377 812.85645
378 812.85645
379 812.85645
380 812.85626
381 811.82275
382 811.82275
383 811.82275
384 811.82275
385 811.82275
386 811.82275
387 811.82275
388 811.82275
389 811.82275
390 811.82275
391 811.82275
392 811.82275
393 811.82275
394 811.82275
395 811.82275
396 811.82275
397 811.82275
398 811.82275
399 811.82275
400 811.82275
401 811.82275
402 811.82275
403 811.82275
404 811.82275
405 811.82275
406 811.82275
407 811.82275
408 811.82275
409 811.82275
410 811.82275
411 811.82275
412 811.82275
413 811.82275
414 811.82275
415 805.7986
416 805.7986
417 805.7986
418 805.7986
419 805.7986
420 805.7986
421 805.7986
422 799.11084
423 789.40076
424 789.40076
425 789.40076
426 789.40076
427 789.40076
428 785.18274
429 785.18274
430 785.18274
431 785.18274
432 785.18274
433 785.18274
434 785.18274
435 785.18274
436 785.18274
437 785.18274
438 784.01685
439 784.01685
440 782.67145
441 782.67145
442 782.67145
443 782.67145
444 782.67145
445 782.67145
446 782.67145
447 782.67145
448 781.8151
449 781.8151
450 780.80457
451 780.80457
452 780.80457
453 778.7876
454 778.7876
455 778.7876
456 778.7876
457 775.93604
458 775.93604
459 768.43774
460 768.43774
461 768.43774
462 768.43774
463 767.9203
464 767.9203
465 767.9203
466 767.9203
467 767.9203
468 767.9203
469 767.9203
470 767.9203
471 767.9203
472 767.9203
473 767.9203
474 767.9203
475 767.9203
476 767.9203
477 767.9203
478 766.89954
479 766.89954
480 766.89954
481 766.89954
482 766.89954
483 766.89954
484 766.89954
485 766.89954
486 766.89954
487 766.89954
488 766.89954
489 766.89954
490 766.89954
491 766.89954
492 766.89954
493 766.89954
494 766.89954
495 766.8871
496 766.8871
497 760.3052
498 760.3052
499 760.3052
500 760.3052
501 760.3052
502 760.3052
503 760.3052
504 760.3052
505 760.3052
506 760.3052
507 759.9523
508 759.9523
509 759.9523
510 759.9523
511 759.9523
512 759.9523
513 759.9523
514 759.9523
515 759.9523
516 759.9523
517 759.9523
518 759.9523
519 759.9523
520 759.9523
521 759.9523
522 759.9523
523 759.9523
524 759.9523
525 759.9523
526 759.9523
527 759.9523
528 757.7041
529 757.7041
530 757.7041
531 753.72656
532 753.72656
533 753.72656
534 753.72656
535 753.72656
536 753.72656
537 753.72656
538 753.72656
539 753.72656
540 753.72656
541 753.72656
542 753.72656
543 753.72656
544 753.72656
545 746.6052
546 746.60516
547 746.60516
548 746.60516
549 746.60516
550 746.60516
551 746.60516
552 746.60516
553 746.60516
554 746.60516
555 746.60516
556 746.60516
557 746.60516
558 746.60516
559 744.39435
560 744.39435
561 744.39435
562 744.39435
563 744.39435
564 744.39435
565 744.39435
566 743.69354
567 743.69354
568 743.69354
569 743.69354
570 740.6346
571 740.6346
572 740.3172
573 740.3172
574 740.3172
575 740.3172
576 740.3172
577 740.3172
578 740.3172
579 740.3172
580 740.3172
581 740.3172
582 740.3172
583 740.3172
584 740.3172
585 740.3172
586 740.3172
587 740.3172
588 737.6149
589 737.6149
590 737.6149
591 737.6149
592 736.9649
593 731.6701
594 731.6701
595 731.6701
596 731.6701
597 731.6701
598 731.6701
599 731.6701
600 731.6701
601 731.6701
602 731.6701
603 731.6701
604 731.6701
605 726.5506
606 726.5506
607 726.5506
608 726.5506
609 726.5506
610 726.5506
611 726.5506
612 726.5506
613 726.5506
614 726.5506
615 726.5506
616 726.5506
617 726.5506
618 726.5506
619 726.5506
620 726.5506
621 726.5506
622 726.5506
623 726.5506
624 726.5506
625 726.5506
626 726.5506
627 726.5506
628 726.5506
629 726.5506
630 726.5506
631 726.5506
632 726.5506
633 726.5506
634 725.4528
635 725.4528
636 720.971
637 720.971
638 720.971
639 720.971
640 720.971
641 720.971
642 720.971
643 720.971
644 720.971
645 720.971
646 720.971
647 720.971
648 720.971
649 720.971
650 720.971
651 720.971
652 720.971
653 720.971
654 720.971
655 720.971
656 720.971
657 720.971
658 720.971
659 720.971
660 720.971
661 720.971
662 720.971
663 720.971
664 720.971
665 720.971
666 720.971
667 720.971
668 720.971
669 720.971
670 720.971
671 716.3383
672 716.3383
673 716.3383
674 716.3383
675 716.3383
676 716.3383
677 716.3383
678 716.3383
679 716.3383
680 716.3383
681 716.3383
682 716.3383
683 716.3383
684 716.3383
685 716.3383
686 716.3383
687 716.3383
688 716.3383
689 716.3383
690 716.3383
691 716.3383
692 716.3383
693 716.3383
694 716.3383
695 716.3383
696 716.3383
697 716.3383
698 716.3383
699 712.18695
700 712.18695
701 712.18695
702 712.18695
703 712.18695
704 710.4836
705 710.4836
706 710.4836
707 710.4836
708 710.4836
709 710.4836
710 710.4836
711 710.4836
712 710.4836
713 710.4836
714 710.4836
715 710.4836
716 710.4836
717 710.4836
718 710.4836
719 710.4836
720 710.4836
721 710.4836
722 710.4836
723 710.4836
724 710.4836
725 710.4836
726 710.4836
727 710.4836
728 710.4836
729 710.4836
730 710.4836
731 710.4836
732 710.4836
733 710.4836
734 709.8796
735 709.8796
736 709.8796
737 709.8796
738 709.8796
739 709.8796
740 709.8796
741 709.8796
742 709.8796
743 709.8796
744 709.8796
745 709.8796
746 709.8796
747 709.8796
748 709.8796
749 709.52704
750 709.52704
751 709.52704
752 709.52704
753 709.52704
754 709.52704
755 709.52704
756 709.52704
757 709.4539
758 709.4539
759 709.4539
760 709.4539
761 709.4539
762 709.4539
763 709.4539
764 709.4539
765 709.4539
766 709.4539
767 709.4539
768 709.4539
769 709.4539
770 709.4539
771 709.4539
772 709.4539
773 709.4539
774 709.4539
775 709.4539
776 709.4539
777 709.4539
778 709.45374
779 709.45374
780 709.3193
781 709.3193
782 709.3193
783 709.3193
784 709.3193
785 709.3193
786 709.3193
787 709.3193
788 709.3193
789 709.3193
790 709.3193
791 709.3193
792 709.3193
793 709.3193
794 709.3193
795 709.3193
796 709.3193
797 708.9159
798 708.9159
799 708.9159
800 708.9159
801 708.9159
802 708.9159
803 708.9159
804 708.9159
805 708.9159
806 708.9159
807 708.9159
808 708.9159
809 708.9159
810 708.9159
811 708.9159
812 708.9159
813 708.9159
814 708.9159
815 705.8961
816 705.8961
817 705.8961
818 705.8961
819 705.8961
820 705.8961
821 705.8961
822 705.8961
823 705.8961
824 705.8961
825 705.8961
826 705.8961
827 705.8961
828 705.8961
829 705.8961
830 705.8961
831 705.8961
832 705.8961
833 705.8961
834 705.8961
835 705.8961
836 705.8961
837 705.8961
838 705.8961
839 705.8961
840 705.8961
841 705.8961
842 705.8961
843 705.8961
844 705.8961
845 705.8961
846 705.8961
847 705.8961
848 705.8961
849 705.8961
850 705.8961
851 705.8961
852 705.8961
853 705.8961
854 705.8961
855 705.8961
856 705.8961
857 705.8961
858 704.99036
859 704.99036
860 704.99036
861 704.99036
862 704.99036
863 704.99036
864 704.99036
865 704.99036
866 704.99036
867 704.99036
868 704.99036
869 704.99036
870 704.99036
871 704.99036
872 704.99036
873 704.99036
874 704.99036
875 704.99036
876 703.83887
877 703.83887
878 703.83887
879 703.83887
880 703.83887
881 703.83887
882 703.83887
883 703.83887
884 703.83887
885 703.83887
886 703.83887
887 703.83887
888 703.83887
889 703.83887
890 703.83887
891 703.83887
892 703.83887
893 703.83887
894 703.83887
895 703.83887
896 703.83887
897 703.83887
898 703.83887
899 703.83887
900 703.83887
901 703.83887
902 703.83887
903 703.83887
904 703.83887
905 703.83887
906 703.83887
907 703.83887
908 703.83887
909 703.83887
910 703.83887
911 703.83887
912 703.83887
913 703.83887
914 703.83887
915 703.83887
916 703.83887
917 703.83887
918 703.83887
919 703.83887
920 703.83887
921 703.83887
922 703.83887
923 703.83887
924 703.83887
925 703.83887
926 703.3488
927 703.3488
928 703.3488
929 703.3488
930 703.3488
931 703.3488
932 703.3488
933 703.3488
934 703.3488
935 703.3488
936 703.3488
937 703.3488
938 703.3488
939 703.3488
940 703.3488
941 703.3488
942 703.3488
943 703.3488
944 703.3488
945 703.3488
946 703.3488
947 703.3488
948 703.3488
949 703.3488
950 703.3488
951 703.3488
952 703.3488
953 703.3488
954 703.3488
955 703.3488
956 700.8259
957 700.8259
958 700.8259
959 700.8259
960 700.8259
961 700.8259
962 700.8259
963 700.8259
964 700.8259
965 700.8259
966 700.8259
967 700.8259
968 700.8259
969 700.8259
970 700.8259
971 700.8259
972 700.8259
973 700.8259
974 700.8259
975 700.8259
976 700.8259
977 700.8259
978 700.8259
979 700.8259
980 700.8259
981 700.8259
982 700.8259
983 700.8259
984 700.8259
985 700.8259
986 700.8259
987 700.8259
988 700.8259
989 700.8259
990 700.8259
991 700.8259
992 700.8259
993 700.8259
994 700.8259
995 700.8259
996 700.8259
997 700.8259
998 700.8259
999 700.8259
1000 700.8259
avg: 700.8259
time: 2.776
