SPECIES_NUM: 100
DEVELOP_NUM: 2000
pm: 0.4
pc: 0.35
TALENT_RESERVE_RATE: 0.25
EPOCHS: 1
1 3086.1619
2 2990.9724
3 2917.5544
4 2914.7795
5 2882.5989
6 2872.5828
7 2808.124
8 2759.8665
9 2699.9287
10 2643.83
11 2637.2786
12 2619.0278
13 2553.9497
14 2520.371
15 2510.001
16 2496.2012
17 2480.2024
18 2462.757
19 2445.0623
20 2412.2234
21 2396.6848
22 2370.8003
23 2326.1665
24 2273.7693
25 2249.8967
26 2249.8967
27 2248.1072
28 2229.9707
29 2229.1245
30 2225.3853
31 2220.5576
32 2208.7302
33 2198.8567
34 2189.8137
35 2179.9253
36 2129.7722
37 2129.7722
38 2108.4746
39 2108.4746
40 2095.412
41 2055.0203
42 2032.5146
43 2019.0034
44 2019.0034
45 2009.3655
46 2009.3655
47 2009.3655
48 2006.9043
49 2006.9043
50 2001.832
51 1994.2134
52 1973.0874
53 1958.2979
54 1955.2119
55 1955.2119
56 1951.2129
57 1916.1746
58 1905.885
59 1905.8022
60 1905.8022
61 1894.3525
62 1884.3687
63 1866.9194
64 1854.8691
65 1851.2119
66 1840.7136
67 1836.4199
68 1821.9436
69 1810.0947
70 1810.0947
71 1805.9861
72 1783.5378
73 1775.9946
74 1757.6235
75 1752.6077
76 1734.7388
77 1734.7388
78 1734.7388
79 1722.7859
80 1722.7859
81 1717.0923
82 1693.9004
83 1683.3123
84 1668.9365
85 1666.5145
86 1664.4742
87 1637.3356
88 1635.8566
89 1628.6862
90 1627.9845
91 1627.4945
92 1627.0917
93 1626.9899
94 1623.504
95 1607.1566
96 1604.6481
97 1593.7645
98 1592.0161
99 1569.1814
100 1560.3469
101 1560.3469
102 1560.3469
103 1556.9686
104 1556.4196
105 1556.4196
106 1551.2484
107 1549.894
108 1549.894
109 1549.1802
110 1534.3906
111 1534.3906
112 1534.3906
113 1523.5536
114 1523.5536
115 1523.5536
116 1512.8778
117 1512.8778
118 1510.5425
119 1510.5425
120 1510.5425
121 1497.2994
122 1489.8589
123 1482.9926
124 1482.9926
125 1426.1987
126 1412.1011
127 1401.3632
128 1398.4929
129 1398.4929
130 1389.9381
131 1388.1002
132 1371.1451
133 1369.4979
134 1361.633
135 1361.633
136 1361.633
137 1356.1196
138 1339.8578
139 1338.9152
140 1325.2836
141 1323.0593
142 1323.0593
143 1313.1959
144 1306.8011
145 1277.1476
146 1268.8634
147 1268.8634
148 1268.8634
149 1268.8634
150 1261.1697
151 1261.1697
152 1253.8999
153 1253.0087
154 1240.393
155 1240.393
156 1240.393
157 1240.393
158 1239.6406
159 1239.6406
160 1233.6882
161 1233.6882
162 1229.0314
163 1228.0514
164 1228.0514
165 1228.0514
166 1220.8744
167 1220.8744
168 1208.881
169 1208.881
170 1208.881
171 1208.881
172 1208.881
173 1207.7194
174 1207.6635
175 1199.5885
176 1193.2108
177 1193.2108
178 1193.2108
179 1190.464
180 1190.464
181 1190.464
182 1190.464
183 1186.3649
184 1179.4332
185 1179.4332
186 1179.4332
187 1177.9434
188 1177.6285
189 1173.7297
190 1173.7297
191 1173.7297
192 1171.9979
193 1171.9979
194 1171.5498
195 1171.5498
196 1171.5498
197 1167.9509
198 1164.635
199 1163.8402
200 1163.8402
201 1163.8402
202 1163.8402
203 1159.9481
204 1159.9481
205 1159.5848
206 1159.5848
207 1159.5848
208 1159.5848
209 1159.5848
210 1159.5848
211 1159.2489
212 1159.2489
213 1159.2489
214 1159.2489
215 1159.2489
216 1159.2489
217 1154.3909
218 1154.3909
219 1154.3909
220 1154.3909
221 1154.3909
222 1154.3909
223 1145.3333
224 1141.1283
225 1141.1283
226 1141.1283
227 1141.1283
228 1141.1283
229 1141.1283
230 1141.1283
231 1141.1283
232 1137.9316
233 1137.5914
234 1137.5914
235 1135.7933
236 1130.8362
237 1130.8362
238 1130.8362
239 1130.8362
240 1130.8362
241 1130.8362
242 1127.4678
243 1123.4884
244 1123.4884
245 1123.4884
246 1123.4884
247 1122.9346
248 1122.9346
249 1116.7554
250 1116.4838
251 1106.9423
252 1093.5381
253 1093.5381
254 1093.5381
255 1091.941
256 1091.941
257 1091.941
258 1091.941
259 1091.941
260 1091.941
261 1091.941
262 1071.6538
263 1071.6538
264 1071.6538
265 1054.5552
266 1054.5552
267 1054.5552
268 1054.5552
269 1054.5552
270 1054.5552
271 1054.5552
272 1054.5552
273 1054.5552
274 1054.5552
275 1054.5552
276 1048.039
277 1043.8844
278 1043.8844
279 1043.8844
280 1043.8844
281 1043.8844
282 1040.7009
283 1040.7009
284 1026.5533
285 1026.5533
286 1026.5533
287 1026.5533
288 1026.5533
289 1026.5533
290 1026.5533
291 1026.5533
292 1026.5533
293 1026.5533
294 1026.5533
295 1026.5533
296 1026.5533
297 1026.5533
298 1026.5533
299 1026.5533
300 1023.3546
301 1023.3546
302 1023.3546
303 1023.3546
304 1022.2086
305 1022.2086
306 1022.2086
307 1022.2086
308 1021.5997
309 1021.5997
310 1021.5997
311 1021.5997
312 1021.5997
313 1021.5997
314 1021.5997
315 1021.5997
316 1021.5997
317 1020.50287
318 1020.35724
319 1020.35724
320 1020.35724
321 1020.35724
322 1020.35724
323 1020.35724
324 1020.35724
325 1020.35724
326 1020.35724
327 1007.9965
328 996.0203
329 996.0203
330 996.0203
331 996.0203
332 996.0203
333 996.0203
334 996.0203
335 995.34094
336 995.34094
337 995.34094
338 995.34094
339 995.34094
340 995.34094
341 995.34094
342 995.34094
343 989.1621
344 989.1621
345 988.6648
346 988.6648
347 988.6648
348 988.6648
349 978.5824
350 978.5824
351 978.5824
352 978.5824
353 978.5824
354 978.5824
355 978.5824
356 978.5824
357 978.5824
358 978.5824
359 978.5824
360 978.5824
361 978.5824
362 978.5824
363 978.5824
364 978.5824
365 978.5824
366 978.5824
367 978.5824
368 974.00183
369 974.00183
370 974.00183
371 971.8008
372 971.8008
373 971.8008
374 971.8008
375 971.8008
376 971.8008
377 971.8008
378 971.8008
379 971.8008
380 971.8008
381 968.65735
382 965.02844
383 965.02844
384 965.02844
385 965.02844
386 965.02844
387 965.02844
388 965.02844
389 965.02844
390 965.02844
391 965.02844
392 960.634
393 960.634
394 960.634
395 947.86993
396 947.86993
397 947.86993
398 947.86993
399 947.86993
400 947.86993
401 947.86993
402 944.5916
403 944.5916
404 944.5916
405 944.5916
406 944.5916
407 944.5916
408 944.5916
409 944.5916
410 944.5916
411 944.5916
412 944.5916
413 944.5916
414 944.06006
415 944.06006
416 944.06006
417 944.06006
418 941.75964
419 941.75964
420 941.75964
421 941.75964
422 940.15295
423 940.15295
424 940.15295
425 940.15295
426 940.15295
427 940.15295
428 940.15295
429 939.21454
430 939.21454
431 939.21454
432 937.0471
433 937.0471
434 937.0471
435 933.15216
436 933.15216
437 933.15216
438 933.15216
439 933.15216
440 933.15204
441 933.15204
442 933.15204
443 933.15204
444 933.15204
445 929.1729
446 929.1729
447 920.6048
448 920.6048
449 920.6048
450 920.6048
451 920.6048
452 920.6048
453 920.6048
454 920.6048
455 920.6048
456 920.6048
457 920.6048
458 920.6048
459 917.88586
460 917.88586
461 917.88586
462 917.88586
463 915.6744
464 915.6744
465 915.6744
466 915.6744
467 915.6744
468 915.6744
469 914.23755
470 914.23755
471 912.5361
472 912.5361
473 912.5361
474 912.5361
475 912.5361
476 912.5361
477 912.5361
478 912.5361
479 912.5361
480 910.4755
481 910.4755
482 910.1566
483 910.1566
484 910.1566
485 910.1566
486 910.1566
487 910.1566
488 910.1566
489 910.1566
490 910.1566
491 910.1566
492 910.1566
493 910.1566
494 904.67883
495 904.03925
496 904.03925
497 904.03925
498 904.03925
499 904.03925
500 904.03925
501 904.03925
502 904.03925
503 904.03925
504 904.03925
505 900.0829
506 898.766
507 898.766
508 898.766
509 898.766
510 898.766
511 898.766
512 898.766
513 898.766
514 898.766
515 893.8536
516 893.8536
517 893.8536
518 893.8536
519 893.8536
520 893.8536
521 893.8536
522 893.8536
523 893.8536
524 888.5746
525 888.5746
526 888.5746
527 888.5746
528 888.5746
529 888.5746
530 888.5746
531 888.5746
532 888.5746
533 888.5746
534 888.5746
535 888.5746
536 888.5746
537 888.5746
538 888.5746
539 885.9852
540 885.9852
541 885.9852
542 885.9852
543 885.9852
544 884.78345
545 884.78345
546 884.78345
547 884.78345
548 884.78345
549 884.78345
550 884.78345
551 884.78345
552 884.78345
553 884.78345
554 884.78345
555 884.78345
556 884.78345
557 884.78345
558 878.64264
559 878.64264
560 878.64264
561 878.64264
562 878.64264
563 878.64264
564 878.64264
565 878.64264
566 878.64264
567 869.6481
568 869.6481
569 869.6481
570 869.6481
571 869.6481
572 869.6481
573 869.6481
574 869.6481
575 849.8076
576 849.8076
577 849.8076
578 849.8076
579 849.8076
580 849.8076
581 849.8076
582 849.8076
583 848.436
584 848.436
585 848.436
586 848.436
587 848.436
588 848.436
589 848.436
590 848.436
591 848.436
592 848.436
593 848.436
594 848.436
595 848.436
596 848.436
597 848.436
598 848.436
599 848.436
600 848.436
601 848.436
602 846.9081
603 846.9081
604 846.9081
605 846.9081
606 846.9081
607 846.9081
608 846.9081
609 846.9081
610 846.9081
611 846.9081
612 846.9081
613 846.01794
614 846.01794
615 846.01794
616 846.01794
617 846.01794
618 846.01794
619 846.01794
620 846.01794
621 846.01794
622 846.01794
623 846.01794
624 846.01794
625 846.01794
626 846.01794
627 846.01794
628 846.01794
629 846.01794
630 846.01794
631 846.01794
632 846.01794
633 846.01794
634 846.01794
635 838.4123
636 836.9225
637 836.9225
638 836.9225
639 836.9225
640 836.9225
641 836.9225
642 836.9225
643 836.9225
644 836.9225
645 836.9225
646 836.9225
647 836.9225
648 836.9225
649 836.9225
650 836.9225
651 836.8525
652 836.8525
653 836.8525
654 836.8525
655 836.8525
656 836.8525
657 836.8525
658 836.8525
659 836.8525
660 836.8525
661 835.5634
662 835.5634
663 835.5634
664 835.5634
665 835.5634
666 835.5634
667 835.5634
668 835.5634
669 835.5634
670 831.72144
671 831.72144
672 831.72144
673 831.72144
674 831.72144
675 831.72144
676 831.72144
677 831.72144
678 831.72144
679 831.72144
680 831.72144
681 831.72144
682 831.72144
683 831.72144
684 831.72144
685 831.72144
686 825.4586
687 825.4586
688 825.4586
689 825.4586
690 825.4586
691 825.4586
692 825.4586
693 825.4586
694 825.4586
695 825.4586
696 825.4586
697 825.4586
698 825.4586
699 825.4586
700 825.41223
701 825.41223
702 825.41223
703 825.41223
704 825.41223
705 825.41223
706 825.41223
707 820.4229
708 820.4229
709 820.4229
710 820.4229
711 820.4229
712 820.4229
713 820.4229
714 820.4229
715 820.4229
716 820.4229
717 812.40826
718 812.40826
719 812.40826
720 812.40826
721 812.40826
722 804.44836
723 804.44836
724 804.44836
725 804.44836
726 804.3069
727 804.3069
728 804.3069
729 804.3069
730 804.3069
731 803.3948
732 803.3948
733 803.3948
734 803.3948
735 803.3948
736 803.3948
737 803.3948
738 803.3948
739 803.3948
740 803.3948
741 803.3948
742 803.3948
743 803.3948
744 803.3948
745 803.3948
746 803.3948
747 803.3948
748 803.3948
749 803.3948
750 792.16736
751 792.16736
752 792.16736
753 792.16736
754 792.16736
755 792.16736
756 792.16736
757 792.16736
758 792.16736
759 792.16736
760 792.16736
761 792.16736
762 792.16736
763 792.16736
764 792.16736
765 792.16736
766 792.16736
767 792.16736
768 792.16736
769 792.16736
770 792.16736
771 792.16736
772 792.16736
773 792.16736
774 792.16736
775 792.16736
776 792.16736
777 792.16736
778 792.16736
779 792.16736
780 792.16736
781 792.16736
782 792.16736
783 792.16736
784 792.16736
785 792.16736
786 792.16736
787 792.16736
788 792.16736
789 792.16736
790 792.16736
791 792.16736
792 786.25366
793 786.25366
794 786.25366
795 786.25366
796 786.25366
797 786.25366
798 786.25366
799 786.25366
800 786.25366
801 785.7591
802 785.7591
803 785.7591
804 785.7591
805 785.7591
806 785.7591
807 785.7591
808 785.7591
809 785.7591
810 785.7591
811 785.7591
812 785.7591
813 785.7591
814 783.1178
815 783.1178
816 783.1178
817 783.1178
818 783.1178
819 783.1178
820 783.1178
821 783.1178
822 783.1178
823 783.1178
824 783.1178
825 783.1178
826 781.03644
827 781.03644
828 781.03644
829 781.03644
830 781.03644
831 781.03644
832 781.03644
833 781.03644
834 781.03644
835 781.03644
836 781.03644
837 781.03644
838 781.03644
839 781.03644
840 781.03644
841 781.03644
842 781.03644
843 781.03644
844 781.03644
845 781.03644
846 781.03644
847 781.03644
848 780.78937
849 776.8377
850 776.4532
851 776.4532
852 776.4532
853 776.4532
854 776.4532
855 776.4532
856 776.4532
857 776.4532
858 776.4532
859 776.4532
860 776.4532
861 776.4532
862 776.4532
863 776.4532
864 776.4532
865 776.4532
866 776.4532
867 776.4532
868 776.4532
869 776.4532
870 776.4532
871 776.4532
872 776.4532
873 776.4532
874 776.4532
875 776.4532
876 776.4532
877 776.4532
878 776.4532
879 776.4532
880 776.4532
881 776.4532
882 776.4532
883 776.4532
884 776.4532
885 776.4532
886 776.4532
887 776.4532
888 776.4532
889 776.4532
890 776.4532
891 776.4532
892 776.4532
893 776.4532
894 776.4532
895 776.4532
896 776.4532
897 776.4532
898 776.4532
899 776.4532
900 776.4532
901 776.4532
902 776.4532
903 776.4532
904 776.4532
905 776.4532
906 776.4532
907 776.4532
908 776.4532
909 776.4532
910 776.4532
911 776.4532
912 776.4532
913 776.4532
914 776.4532
915 776.4532
916 776.4532
917 776.4532
918 776.4532
919 776.4532
920 776.4532
921 776.4532
922 776.4532
923 776.4532
924 776.4532
925 776.4532
926 776.4532
927 776.4532
928 776.4532
929 776.4532
930 776.4532
931 776.4532
932 776.4532
933 776.4532
934 776.4532
935 776.4532
936 776.4532
937 776.4532
938 776.4532
939 776.4532
940 776.4532
941 776.4532
942 776.4532
943 776.4532
944 776.4532
945 776.4532
946 776.4532
947 776.4532
948 776.4532
949 776.4532
950 765.3195
951 765.3195
952 765.3195
953 765.3195
954 765.3195
955 765.3195
956 765.3195
957 765.3195
958 765.3195
959 765.3195
960 765.3195
961 765.3195
962 765.3195
963 765.3195
964 765.3195
965 765.3195
966 765.3195
967 765.3195
968 765.3195
969 765.3195
970 765.3195
971 765.3195
972 765.3195
973 765.3195
974 765.3195
975 765.3195
976 765.3195
977 765.3195
978 765.3195
979 765.3195
980 765.3195
981 765.3195
982 765.3195
983 765.3195
984 765.3195
985 765.3195
986 765.3195
987 765.3195
988 765.3195
989 765.3195
990 765.3195
991 765.3195
992 765.3195
993 765.3195
994 765.3195
995 765.3195
996 764.55615
997 764.55615
998 764.55615
999 764.55615
1000 764.55615
1001 764.55615
1002 763.6794
1003 763.6794
1004 763.6794
1005 763.6794
1006 763.6794
1007 763.6794
1008 763.6794
1009 763.6794
1010 763.6794
1011 763.6794
1012 763.6794
1013 763.4144
1014 763.4144
1015 763.4144
1016 763.4144
1017 763.4144
1018 763.4144
1019 763.4144
1020 763.4144
1021 763.4144
1022 760.8915
1023 760.8915
1024 760.8915
1025 760.8915
1026 760.8848
1027 760.8848
1028 760.8848
1029 760.8848
1030 760.8848
1031 760.8848
1032 760.8848
1033 760.8848
1034 760.8848
1035 758.4323
1036 758.4323
1037 758.4323
1038 758.4323
1039 758.4323
1040 758.4323
1041 758.4323
1042 758.4323
1043 758.4323
1044 758.4323
1045 758.4323
1046 758.4323
1047 758.4323
1048 758.4323
1049 758.4323
1050 758.4323
1051 758.4323
1052 758.4323
1053 755.7207
1054 755.7207
1055 753.7364
1056 753.7364
1057 753.7364
1058 753.7364
1059 753.7364
1060 753.7364
1061 753.7364
1062 753.7364
1063 753.7364
1064 753.7364
1065 753.7364
1066 753.7364
1067 753.7364
1068 753.7364
1069 753.7364
1070 753.7364
1071 753.7364
1072 753.7364
1073 753.7364
1074 753.7364
1075 753.7364
1076 753.7364
1077 753.7364
1078 753.7364
1079 753.7364
1080 753.7364
1081 749.11273
1082 749.11273
1083 749.11273
1084 749.11273
1085 749.11273
1086 749.11273
1087 749.11273
1088 749.11273
1089 749.11273
1090 749.11273
1091 749.11273
1092 749.11273
1093 749.11273
1094 749.11273
1095 749.11273
1096 749.11273
1097 749.11273
1098 749.11273
1099 749.11273
1100 749.11273
1101 749.11273
1102 749.11273
1103 749.11273
1104 749.11273
1105 749.11273
1106 749.11273
1107 749.11273
1108 749.11273
1109 749.11273
1110 749.11273
1111 749.11273
1112 749.11273
1113 749.11273
1114 749.11273
1115 749.11273
1116 748.0149
1117 748.0149
1118 748.0149
1119 748.0149
1120 748.0149
1121 748.0149
1122 748.0149
1123 748.0149
1124 748.0149
1125 748.0149
1126 748.0149
1127 748.0149
1128 748.0149
1129 748.0149
1130 748.0149
1131 748.0149
1132 748.0149
1133 748.0149
1134 748.0149
1135 748.0149
1136 748.0149
1137 748.0149
1138 748.0149
1139 748.0149
1140 748.0149
1141 748.0149
1142 748.0149
1143 748.0149
1144 748.0149
1145 748.0149
1146 748.0149
1147 748.0149
1148 748.0149
1149 748.0149
1150 748.0149
1151 748.0149
1152 748.0149
1153 748.0149
1154 748.0149
1155 744.10614
1156 744.10614
1157 744.10614
1158 744.10614
1159 744.10614
1160 744.10614
1161 744.10614
1162 744.10614
1163 744.10614
1164 744.10614
1165 741.82513
1166 741.82513
1167 741.82513
1168 741.82513
1169 741.82513
1170 741.82513
1171 741.82513
1172 741.82513
1173 741.82513
1174 741.82513
1175 741.82513
1176 741.82513
1177 741.82513
1178 741.82513
1179 741.82513
1180 741.82513
1181 741.82513
1182 741.82513
1183 741.82513
1184 741.82513
1185 741.82513
1186 741.82513
1187 741.82513
1188 741.82513
1189 741.82513
1190 741.82513
1191 741.82513
1192 741.82513
1193 741.82513
1194 741.82513
1195 741.82513
1196 741.82513
1197 741.82513
1198 741.82513
1199 741.82513
1200 741.82513
1201 741.82513
1202 741.82513
1203 741.82513
1204 741.82513
1205 740.6592
1206 740.6592
1207 740.6592
1208 740.6592
1209 740.6592
1210 740.6592
1211 740.6592
1212 740.6592
1213 740.6592
1214 740.6592
1215 740.6592
1216 740.6592
1217 740.6592
1218 740.6592
1219 740.6592
1220 740.6592
1221 740.6592
1222 740.6592
1223 740.6592
1224 740.6592
1225 740.6592
1226 740.6592
1227 740.6592
1228 740.6592
1229 740.6592
1230 740.6592
1231 740.6592
1232 740.6592
1233 740.6592
1234 740.6592
1235 740.6592
1236 740.6592
1237 740.6592
1238 740.6592
1239 740.6592
1240 740.6592
1241 740.6592
1242 740.6592
1243 740.6592
1244 740.41656
1245 740.41656
1246 740.41656
1247 740.41656
1248 740.41656
1249 740.41656
1250 740.41656
1251 740.41656
1252 740.41656
1253 740.41656
1254 740.41656
1255 740.41656
1256 740.41656
1257 740.41656
1258 740.41656
1259 740.41656
1260 740.41656
1261 740.41656
1262 740.41656
1263 740.41656
1264 740.41656
1265 740.41656
1266 740.41656
1267 740.41656
1268 740.41656
1269 740.41656
1270 740.41656
1271 740.41656
1272 740.41656
1273 740.41656
1274 740.41656
1275 740.41656
1276 740.41656
1277 740.41656
1278 740.41656
1279 740.41656
1280 740.41656
1281 740.41656
1282 740.41656
1283 740.41656
1284 740.41656
1285 740.41656
1286 738.7854
1287 738.7854
1288 738.7854
1289 738.7854
1290 738.7854
1291 738.7854
1292 738.7854
1293 738.7854
1294 738.7854
1295 738.7854
1296 738.7854
1297 738.7854
1298 738.7854
1299 738.7854
1300 738.7854
1301 738.7854
1302 738.7854
1303 738.7854
1304 738.7854
1305 738.7854
1306 738.7854
1307 738.7854
1308 738.7854
1309 738.7854
1310 738.7854
1311 738.7854
1312 738.7854
1313 738.7854
1314 738.7854
1315 738.7854
1316 738.7854
1317 738.7854
1318 738.7854
1319 738.7854
1320 738.7854
1321 738.7854
1322 738.7854
1323 738.7854
1324 738.7854
1325 738.7854
1326 738.7854
1327 738.7854
1328 738.7854
1329 738.7854
1330 738.7854
1331 738.7854
1332 738.7854
1333 738.7854
1334 738.7854
1335 738.7854
1336 738.7854
1337 738.7854
1338 738.7854
1339 738.7854
1340 738.7854
1341 738.7854
1342 738.7854
1343 738.7854
1344 738.7854
1345 738.7854
1346 738.7854
1347 738.7854
1348 738.7854
1349 738.7854
1350 738.7854
1351 738.7854
1352 738.7854
1353 738.7854
1354 738.7854
1355 738.7854
1356 738.49634
1357 738.49634
1358 738.49634
1359 738.49634
1360 738.49634
1361 738.49634
1362 738.49634
1363 738.49634
1364 738.49634
1365 738.49634
1366 738.49634
1367 738.49634
1368 738.49634
1369 738.49634
1370 738.49634
1371 738.49634
1372 738.49634
1373 738.49634
1374 734.1837
1375 734.1837
1376 734.1837
1377 734.1837
1378 734.1837
1379 734.1837
1380 734.1837
1381 734.1837
1382 734.1837
1383 734.1837
1384 734.1837
1385 734.1837
1386 734.1837
1387 734.1837
1388 734.1837
1389 734.1837
1390 734.1837
1391 734.1837
1392 734.1837
1393 734.1837
1394 734.1837
1395 734.1837
1396 734.1837
1397 734.1837
1398 734.1837
1399 734.1837
1400 734.1837
1401 734.1837
1402 734.1837
1403 734.1837
1404 734.1837
1405 734.1837
1406 734.1837
1407 734.1837
1408 734.1837
1409 734.1837
1410 734.1837
1411 734.1837
1412 734.1837
1413 734.1837
1414 734.1837
1415 734.1837
1416 734.1837
1417 734.1837
1418 734.1837
1419 734.1837
1420 734.1837
1421 734.1837
1422 734.1837
1423 734.1837
1424 734.1837
1425 734.1837
1426 734.1837
1427 734.1837
1428 734.1837
1429 734.1837
1430 734.1837
1431 734.1837
1432 734.1837
1433 734.1837
1434 734.1837
1435 734.1837
1436 734.1837
1437 734.1837
1438 734.1837
1439 734.1837
1440 734.1837
1441 734.1837
1442 734.1837
1443 734.1837
1444 734.1837
1445 734.1837
1446 734.1837
1447 734.1837
1448 734.1837
1449 734.1837
1450 734.1837
1451 734.1837
1452 734.1837
1453 734.1837
1454 734.1837
1455 734.1837
1456 734.1837
1457 734.1837
1458 734.1837
1459 734.1837
1460 734.1837
1461 734.1837
1462 734.1837
1463 734.1837
1464 734.1837
1465 734.1837
1466 734.1837
1467 734.1837
1468 734.1837
1469 734.1837
1470 734.1837
1471 734.1837
1472 734.1837
1473 734.1837
1474 734.1837
1475 734.1837
1476 734.1837
1477 734.1837
1478 734.1837
1479 734.1837
1480 734.1837
1481 734.1837
1482 734.1837
1483 734.1837
1484 734.1837
1485 734.1837
1486 734.1837
1487 734.1837
1488 734.1837
1489 734.1837
1490 734.1837
1491 734.1837
1492 734.1837
1493 734.1837
1494 734.1837
1495 734.1837
1496 734.1837
1497 734.1837
1498 734.1837
1499 734.1837
1500 734.1837
1501 734.1837
1502 734.1837
1503 734.1837
1504 734.1837
1505 734.1837
1506 734.1837
1507 734.1837
1508 734.1837
1509 734.1837
1510 734.1837
1511 734.1837
1512 734.1837
1513 730.4551
1514 730.4551
1515 730.4551
1516 730.4551
1517 730.4551
1518 730.4551
1519 730.4551
1520 730.4551
1521 730.4551
1522 730.4551
1523 730.4551
1524 730.4551
1525 730.4551
1526 730.4551
1527 730.4551
1528 730.4551
1529 730.4551
1530 730.4551
1531 730.4551
1532 730.4551
1533 730.4551
1534 730.4551
1535 730.4551
1536 730.4551
1537 730.4551
1538 730.4551
1539 730.4551
1540 730.4551
1541 730.4551
1542 730.4551
1543 730.4551
1544 730.4551
1545 730.4551
1546 730.4551
1547 730.4551
1548 730.4551
1549 730.4551
1550 730.4551
1551 730.4551
1552 730.4551
1553 730.4551
1554 730.4551
1555 730.4551
1556 730.4551
1557 730.4551
1558 730.4551
1559 730.4551
1560 730.4551
1561 730.4551
1562 730.4551
1563 730.4551
1564 730.4551
1565 730.4551
1566 730.4551
1567 730.4551
1568 730.4551
1569 730.4551
1570 730.4551
1571 730.4551
1572 730.4551
1573 730.4551
1574 730.4551
1575 730.4551
1576 730.4551
1577 730.4551
1578 730.4551
1579 730.4551
1580 730.4551
1581 730.4551
1582 730.4551
1583 730.4551
1584 730.4551
1585 730.4551
1586 730.4551
1587 730.4551
1588 730.4551
1589 730.4551
1590 730.4551
1591 730.4551
1592 730.4551
1593 730.4551
1594 730.4551
1595 730.4551
1596 730.4551
1597 730.4551
1598 730.4551
1599 730.4551
1600 730.4551
1601 730.4551
1602 730.4551
1603 730.4551
1604 730.4551
1605 730.4551
1606 730.4551
1607 730.4551
1608 730.4551
1609 730.4551
1610 730.4551
1611 730.4551
1612 730.4551
1613 730.4551
1614 730.4551
1615 730.4551
1616 730.4551
1617 729.00525
1618 729.00525
1619 729.00525
1620 729.00525
1621 729.00525
1622 729.00525
1623 729.00525
1624 729.00525
1625 729.00525
1626 729.00525
1627 729.00525
1628 729.00525
1629 729.00525
1630 729.00525
1631 729.00525
1632 729.00525
1633 729.00525
1634 729.00525
1635 729.00525
1636 729.00525
1637 729.00525
1638 729.00525
1639 729.00525
1640 729.00525
1641 729.00525
1642 729.00525
1643 729.00525
1644 729.00525
1645 729.00525
1646 729.00525
1647 729.00525
1648 729.00525
1649 729.00525
1650 729.00525
1651 729.00525
1652 729.00525
1653 729.00525
1654 729.00525
1655 729.00525
1656 727.75354
1657 727.75354
1658 727.75354
1659 727.75354
1660 727.75354
1661 727.75354
1662 727.75354
1663 726.35504
1664 726.35504
1665 726.35504
1666 726.35504
1667 726.35504
1668 726.35504
1669 726.35504
1670 726.35504
1671 726.35504
1672 726.35504
1673 726.35504
1674 726.35504
1675 726.35504
1676 726.35504
1677 726.35504
1678 726.35504
1679 726.35504
1680 726.35504
1681 726.35504
1682 726.35504
1683 726.35504
1684 726.35504
1685 726.35504
1686 726.35504
1687 726.35504
1688 726.35504
1689 726.35504
1690 726.35504
1691 726.35504
1692 723.00494
1693 723.00494
1694 723.00494
1695 723.00494
1696 723.00494
1697 723.00494
1698 723.00494
1699 723.00494
1700 723.00494
1701 723.00494
1702 723.00494
1703 723.00494
1704 723.00494
1705 723.00494
1706 723.00494
1707 723.00494
1708 723.00494
1709 723.00494
1710 723.00494
1711 723.00494
1712 723.00494
1713 723.00494
1714 723.00494
1715 723.00494
1716 723.00494
1717 723.00494
1718 723.00494
1719 723.00494
1720 723.00494
1721 723.00494
1722 723.00494
1723 723.00494
1724 723.00494
1725 721.02905
1726 721.02905
1727 714.0274
1728 714.0274
1729 714.0274
1730 714.0274
1731 714.0274
1732 714.0274
1733 714.0274
1734 714.0274
1735 714.0274
1736 714.0274
1737 714.0274
1738 714.0274
1739 714.0274
1740 714.0274
1741 714.0274
1742 714.0274
1743 714.0274
1744 714.0274
1745 714.0274
1746 714.0274
1747 714.0274
1748 714.0274
1749 714.0274
1750 714.0274
1751 714.0274
1752 714.0274
1753 713.375
1754 713.375
1755 713.375
1756 713.375
1757 713.375
1758 713.375
1759 713.375
1760 713.375
1761 713.375
1762 713.375
1763 713.375
1764 713.375
1765 713.375
1766 713.375
1767 713.375
1768 713.375
1769 713.375
1770 713.375
1771 713.375
1772 713.375
1773 713.375
1774 713.375
1775 713.375
1776 713.375
1777 713.375
1778 713.375
1779 713.375
1780 713.375
1781 713.375
1782 713.375
1783 713.375
1784 713.375
1785 713.375
1786 713.375
1787 713.375
1788 713.375
1789 713.375
1790 713.375
1791 712.84607
1792 712.84607
1793 712.84607
1794 712.84607
1795 712.84607
1796 712.84607
1797 712.84607
1798 712.84607
1799 712.84607
1800 712.84607
1801 712.84607
1802 712.84607
1803 712.84607
1804 710.99536
1805 710.99536
1806 710.99536
1807 710.99536
1808 710.99536
1809 710.99536
1810 710.99536
1811 710.99536
1812 710.99536
1813 710.99536
1814 710.99536
1815 710.99536
1816 710.99536
1817 710.99536
1818 710.99536
1819 710.99536
1820 710.99536
1821 710.99536
1822 710.99536
1823 710.99536
1824 710.99536
1825 710.99536
1826 710.99536
1827 710.99536
1828 710.99536
1829 710.99536
1830 710.99536
1831 710.99536
1832 710.99536
1833 710.99536
1834 710.99536
1835 710.99536
1836 710.99536
1837 710.99536
1838 710.99536
1839 710.99536
1840 710.99536
1841 710.99536
1842 710.99536
1843 710.99536
1844 710.99536
1845 710.99536
1846 710.99536
1847 710.99536
1848 710.99536
1849 710.99536
1850 710.99536
1851 710.99536
1852 710.99536
1853 710.99536
1854 710.99536
1855 710.99536
1856 710.99536
1857 710.99536
1858 710.99536
1859 710.99536
1860 710.99536
1861 710.99536
1862 710.99536
1863 710.99536
1864 710.99536
1865 710.99536
1866 710.99536
1867 710.99536
1868 710.99536
1869 710.99536
1870 710.99536
1871 710.99536
1872 710.99536
1873 710.99536
1874 710.99536
1875 710.99536
1876 710.99536
1877 710.99536
1878 710.99536
1879 710.99536
1880 710.99536
1881 710.99536
1882 710.99536
1883 710.99536
1884 710.99536
1885 710.99536
1886 710.99536
1887 710.99536
1888 710.99536
1889 710.99536
1890 710.99536
1891 710.99536
1892 710.99536
1893 710.99536
1894 710.99536
1895 710.99536
1896 710.99536
1897 710.99536
1898 710.99536
1899 710.99536
1900 710.99536
1901 710.99536
1902 710.99536
1903 710.99536
1904 710.99536
1905 710.99536
1906 710.99536
1907 710.99536
1908 710.99536
1909 710.99536
1910 710.99536
1911 710.99536
1912 710.99536
1913 710.99536
1914 710.99536
1915 710.99536
1916 710.99536
1917 710.99536
1918 710.99536
1919 710.99536
1920 710.99536
1921 710.99536
1922 710.99536
1923 710.99536
1924 710.99536
1925 710.99536
1926 710.99536
1927 710.99536
1928 710.99536
1929 710.99536
1930 710.99536
1931 710.99536
1932 710.99536
1933 710.99536
1934 710.99536
1935 710.99536
1936 710.99536
1937 710.99536
1938 710.99536
1939 710.99536
1940 710.99536
1941 710.99536
1942 710.99536
1943 710.99536
1944 710.99536
1945 710.99536
1946 710.99536
1947 710.99536
1948 710.99536
1949 710.99536
1950 710.99536
1951 710.99536
1952 710.99536
1953 710.99536
1954 710.99536
1955 710.99536
1956 710.99536
1957 710.99536
1958 710.99536
1959 710.99536
1960 710.99536
1961 710.99536
1962 710.99536
1963 710.99536
1964 710.99536
1965 710.99536
1966 710.99536
1967 710.99536
1968 710.99536
1969 710.99536
1970 710.99536
1971 710.99536
1972 710.99536
1973 710.99536
1974 710.99536
1975 710.99536
1976 710.99536
1977 710.99536
1978 710.99536
1979 710.99536
1980 710.99536
1981 710.99536
1982 710.99536
1983 710.99536
1984 710.99536
1985 710.99536
1986 710.99536
1987 710.99536
1988 710.99536
1989 710.99536
1990 710.99536
1991 710.99536
1992 710.99536
1993 710.99536
1994 710.99536
1995 710.99536
1996 710.99536
1997 710.99536
1998 710.99536
1999 710.99536
2000 710.99536
avg: 710.99536
time: 5.316
