SPECIES_NUM: 500
DEVELOP_NUM: 5000
pm: 0.4
pc: 0.35
TALENT_RESERVE_RATE: 0.25
EPOCHS: 1
1 2922.8782
2 2855.7085
3 2810.3738
4 2746.751
5 2706.4146
6 2643.981
7 2560.2595
8 2503.5496
9 2478.1353
10 2430.7197
11 2395.6362
12 2356.9365
13 2312.8782
14 2268.9397
15 2255.6982
16 2206.3447
17 2148.7607
18 2098.558
19 2051.459
20 2023.3063
21 2010.0697
22 1983.261
23 1947.5864
24 1930.7113
25 1880.5813
26 1851.5518
27 1832.2876
28 1813.668
29 1795.9116
30 1775.154
31 1759.4167
32 1737.1123
33 1711.5366
34 1706.1904
35 1672.5566
36 1655.4926
37 1632.845
38 1607.0663
39 1605.7079
40 1590.065
41 1571.1783
42 1547.9337
43 1542.3546
44 1508.1558
45 1493.7134
46 1474.3667
47 1470.7875
48 1466.494
49 1422.1609
50 1390.2512
51 1376.3239
52 1364.8525
53 1347.5057
54 1347.5057
55 1342.204
56 1315.1135
57 1305.1201
58 1287.4612
59 1278.2043
60 1272.2936
61 1266.6766
62 1258.4602
63 1249.2184
64 1244.8561
65 1221.9236
66 1214.3192
67 1208.3193
68 1188.1172
69 1175.335
70 1162.9877
71 1152.6919
72 1152.1456
73 1139.823
74 1134.5038
75 1127.4956
76 1127.4956
77 1125.5178
78 1118.8558
79 1096.9564
80 1083.0776
81 1080.019
82 1075.9963
83 1068.5784
84 1062.3915
85 1062.3915
86 1057.6554
87 1057.6554
88 1056.8773
89 1056.8773
90 1056.8773
91 1053.1635
92 1052.4835
93 1043.0186
94 1043.0186
95 1039.5612
96 1039.0127
97 1039.0127
98 1028.8585
99 1028.8585
100 1028.1538
101 1028.1538
102 1023.27325
103 1023.27325
104 1019.9591
105 1019.90656
106 1018.88135
107 1018.88135
108 1018.88135
109 1013.6083
110 1013.6083
111 992.9436
112 988.3445
113 988.1018
114 981.54156
115 981.54156
116 971.84485
117 968.36395
118 967.99817
119 967.7876
120 960.1052
121 960.1052
122 960.1052
123 955.0932
124 954.54364
125 952.5014
126 951.9172
127 951.9172
128 951.9172
129 942.8048
130 939.3881
131 938.9058
132 933.3565
133 933.3565
134 926.5965
135 921.8965
136 911.71893
137 908.5595
138 899.4738
139 899.4738
140 899.4738
141 893.5627
142 893.5627
143 893.5627
144 893.5627
145 885.743
146 877.54767
147 877.54767
148 872.135
149 867.89795
150 867.89795
151 856.13354
152 856.13354
153 856.13354
154 852.94305
155 844.7202
156 841.6733
157 841.6733
158 841.6733
159 841.6733
160 841.6733
161 841.6733
162 841.6733
163 841.6733
164 839.6598
165 839.6598
166 831.81445
167 831.81445
168 831.81445
169 831.81445
170 831.81445
171 831.81445
172 831.81445
173 823.3586
174 823.3586
175 819.26447
176 819.26447
177 819.26447
178 819.26447
179 819.26447
180 819.26447
181 815.6914
182 814.5731
183 814.5731
184 814.5731
185 814.5731
186 812.8399
187 812.8399
188 812.8399
189 812.8399
190 812.8399
191 809.81006
192 806.52167
193 806.52167
194 806.52167
195 806.52136
196 806.52136
197 805.7872
198 805.7872
199 805.7872
200 805.7872
201 805.7872
202 805.7872
203 805.7872
204 805.7872
205 805.7872
206 805.7872
207 805.7872
208 803.4441
209 803.4441
210 803.4441
211 800.57806
212 800.57806
213 795.05396
214 795.05396
215 795.05396
216 793.13666
217 793.13666
218 793.13666
219 793.13666
220 792.78735
221 792.78735
222 792.78735
223 792.78735
224 792.78735
225 792.78735
226 789.9728
227 789.9727
228 789.9727
229 786.4244
230 786.4244
231 786.4244
232 786.4244
233 782.8931
234 782.8931
235 782.8931
236 782.8931
237 782.8931
238 782.8931
239 782.8931
240 782.8931
241 780.4733
242 773.5326
243 773.5326
244 773.5326
245 773.5326
246 771.5989
247 771.5989
248 771.5989
249 771.5989
250 771.5989
251 771.5989
252 769.5426
253 769.5426
254 761.66376
255 761.66376
256 761.66376
257 761.66376
258 761.66376
259 761.66376
260 761.66376
261 761.66376
262 761.66376
263 761.6637
264 756.90466
265 756.90466
266 756.90466
267 756.90466
268 756.90466
269 756.90466
270 756.90466
271 749.4887
272 749.4887
273 749.4887
274 749.4887
275 749.4887
276 749.4887
277 746.39923
278 746.39923
279 746.39923
280 746.39923
281 746.39923
282 746.39923
283 746.39923
284 745.469
285 745.469
286 743.1538
287 743.1538
288 737.3982
289 737.3982
290 737.3982
291 735.70636
292 735.70636
293 735.70636
294 734.7304
295 734.7304
296 734.7304
297 734.7304
298 734.1039
299 734.1039
300 734.1039
301 734.1039
302 734.1039
303 734.1039
304 734.1039
305 734.1039
306 734.1039
307 734.1039
308 734.1039
309 734.1039
310 734.1039
311 734.1039
312 734.1039
313 734.1039
314 734.1039
315 734.1039
316 734.1039
317 734.1039
318 734.1039
319 734.1039
320 734.1039
321 734.1039
322 734.1039
323 734.1039
324 734.1039
325 734.1039
326 734.1039
327 734.1039
328 734.1039
329 734.1039
330 734.1039
331 733.7514
332 733.7514
333 733.7514
334 733.7514
335 733.7514
336 733.7514
337 733.7514
338 733.7514
339 733.7514
340 733.7514
341 733.7514
342 733.7514
343 733.7514
344 733.7514
345 733.7514
346 733.7514
347 733.7514
348 733.7514
349 733.7514
350 733.7514
351 733.647
352 733.647
353 733.647
354 733.647
355 733.647
356 733.647
357 733.647
358 733.647
359 733.647
360 733.647
361 733.647
362 733.647
363 733.647
364 733.647
365 733.647
366 733.647
367 733.647
368 733.647
369 733.647
370 733.647
371 733.647
372 733.647
373 733.647
374 733.647
375 733.647
376 733.647
377 733.647
378 732.90906
379 732.90906
380 732.90906
381 729.682
382 729.682
383 729.682
384 729.682
385 729.682
386 729.682
387 729.682
388 729.682
389 729.682
390 729.682
391 729.682
392 729.682
393 729.682
394 729.682
395 729.682
396 729.682
397 729.682
398 729.682
399 729.682
400 729.682
401 724.73474
402 722.8086
403 722.8086
404 722.8086
405 722.8086
406 722.8086
407 722.8086
408 722.8086
409 722.8086
410 722.8086
411 722.8086
412 722.8086
413 722.8086
414 722.8086
415 721.77295
416 721.77295
417 721.77295
418 721.77295
419 721.77295
420 721.77295
421 721.77295
422 721.77295
423 721.77295
424 721.77295
425 721.77295
426 721.77295
427 721.77295
428 721.77295
429 721.77295
430 721.77295
431 721.77295
432 721.77295
433 721.77295
434 721.77295
435 721.77295
436 721.77295
437 721.77295
438 721.77295
439 721.77295
440 721.77295
441 721.77295
442 721.77295
443 721.57056
444 721.57056
445 721.57056
446 721.57056
447 721.57056
448 721.57056
449 721.57056
450 721.5704
451 721.5704
452 721.5704
453 721.5704
454 721.5704
455 721.5704
456 721.5704
457 721.5704
458 721.5704
459 721.5704
460 721.5704
461 721.5704
462 721.5704
463 721.5704
464 721.5704
465 721.0246
466 721.0246
467 721.0246
468 721.0246
469 721.0246
470 721.0246
471 721.0246
472 721.0246
473 721.0246
474 721.0246
475 721.0246
476 721.0246
477 721.0246
478 721.0246
479 721.0246
480 721.0246
481 721.0246
482 721.0246
483 721.0246
484 721.0246
485 721.0246
486 721.0246
487 721.0246
488 721.0246
489 721.0246
490 721.0246
491 721.0246
492 721.0246
493 721.0246
494 721.0246
495 721.0246
496 721.0246
497 721.0246
498 721.0246
499 721.0246
500 721.0246
501 721.0246
502 721.0246
503 720.4729
504 720.4729
505 720.4729
506 720.4729
507 720.4729
508 720.4729
509 720.4729
510 720.4729
511 720.4729
512 720.4729
513 720.4729
514 720.4729
515 720.4729
516 720.4729
517 720.4729
518 720.4729
519 720.4729
520 720.4729
521 720.4729
522 720.4729
523 720.4729
524 720.4729
525 720.4729
526 720.4729
527 720.4729
528 720.4729
529 720.4729
530 720.4729
531 720.4729
532 720.4729
533 720.4729
534 720.4729
535 720.4729
536 720.4729
537 720.4729
538 720.4729
539 720.4729
540 720.4729
541 720.4729
542 720.4729
543 720.4729
544 720.4729
545 720.4729
546 720.4729
547 720.4729
548 720.4729
549 720.4729
550 720.4729
551 720.4729
552 720.4729
553 720.4729
554 720.4729
555 720.4729
556 713.56506
557 713.56506
558 713.56506
559 713.56506
560 713.56506
561 713.56506
562 713.56506
563 713.56506
564 713.56506
565 713.56506
566 713.56506
567 713.56506
568 713.56506
569 713.56506
570 713.56506
571 713.56506
572 713.56506
573 713.56506
574 713.56506
575 713.56506
576 713.56506
577 713.56506
578 713.56506
579 713.56506
580 713.56506
581 713.56506
582 713.56506
583 713.56506
584 713.56506
585 713.56506
586 713.56506
587 713.56506
588 713.56506
589 713.56506
590 713.56506
591 713.56506
592 713.56506
593 713.56506
594 713.56506
595 713.56506
596 713.56506
597 713.56506
598 713.56506
599 713.56506
600 713.56506
601 713.56506
602 713.56506
603 713.56506
604 713.56506
605 713.56506
606 713.56506
607 713.56506
608 713.56506
609 713.56506
610 713.56506
611 713.56506
612 713.56506
613 713.56506
614 713.56506
615 713.56506
616 713.56506
617 713.56506
618 713.56506
619 713.56506
620 713.56506
621 713.56506
622 713.56506
623 713.56506
624 713.56506
625 713.56506
626 713.56506
627 713.56506
628 713.56506
629 713.56506
630 713.56506
631 713.56506
632 713.56506
633 713.56506
634 713.56506
635 713.56506
636 713.56506
637 713.56506
638 713.56506
639 713.56506
640 713.1061
641 713.1061
642 713.1061
643 713.1061
644 713.1061
645 713.1061
646 713.1061
647 713.1061
648 713.1061
649 713.1061
650 713.1061
651 713.1061
652 713.1061
653 713.1061
654 713.1061
655 713.1061
656 713.1061
657 713.1061
658 713.1061
659 713.1061
660 713.1061
661 713.1061
662 713.1061
663 713.1061
664 713.1061
665 713.1061
666 713.1061
667 713.1061
668 713.1061
669 713.1061
670 713.1061
671 713.1061
672 713.1061
673 713.1061
674 713.1061
675 713.1061
676 713.1061
677 713.1061
678 713.1061
679 713.1061
680 713.1061
681 713.1061
682 713.1061
683 713.1061
684 713.1061
685 713.1061
686 713.1061
687 713.1061
688 713.1061
689 713.1061
690 713.1061
691 713.1061
692 713.1061
693 713.1061
694 713.1061
695 713.1061
696 713.1061
697 713.1061
698 713.1061
699 713.1061
700 713.1061
701 713.1061
702 713.1061
703 713.1061
704 713.1061
705 713.1061
706 713.1061
707 712.0257
708 712.0257
709 712.0257
710 712.0257
711 712.0257
712 712.0257
713 712.0257
714 712.0257
715 712.0257
716 712.0257
717 712.0257
718 712.0257
719 712.0257
720 712.0257
721 712.0257
722 712.0257
723 712.0257
724 712.0257
725 712.0257
726 712.0257
727 712.0257
728 712.0257
729 712.0257
730 712.0257
731 712.0257
732 712.0257
733 712.0257
734 712.0257
735 712.0257
736 712.0257
737 712.0257
738 712.0257
739 712.0257
740 712.0257
741 712.0257
742 712.0257
743 712.0257
744 712.0257
745 712.0257
746 712.0257
747 712.0257
748 712.0257
749 712.0257
750 712.0257
751 712.0257
752 712.0257
753 712.0257
754 712.0257
755 712.0257
756 712.0257
757 712.0257
758 712.0257
759 712.0257
760 712.0257
761 712.0257
762 712.0257
763 712.0257
764 712.0257
765 712.0257
766 712.0257
767 712.0257
768 712.0257
769 712.0257
770 712.0257
771 712.0257
772 712.0257
773 712.0257
774 712.0257
775 712.0257
776 712.0257
777 712.0257
778 712.0257
779 712.0257
780 712.0257
781 712.0257
782 712.0257
783 712.0257
784 712.0257
785 712.0257
786 712.0257
787 712.0257
788 712.0257
789 712.0257
790 712.0257
791 712.0257
792 712.0257
793 712.0257
794 712.0257
795 712.0257
796 712.0257
797 712.0257
798 712.0257
799 712.0257
800 712.0257
801 712.0257
802 712.0257
803 712.0257
804 712.0257
805 712.0257
806 712.0257
807 712.0257
808 712.0257
809 712.0257
810 712.0257
811 712.0257
812 712.0257
813 712.0257
814 712.0257
815 712.0257
816 712.0257
817 712.0257
818 712.0257
819 712.0257
820 712.0257
821 712.0257
822 712.0257
823 712.0257
824 712.0257
825 712.0257
826 712.0257
827 712.0257
828 712.0257
829 712.0257
830 712.0257
831 712.0257
832 712.0257
833 712.0257
834 712.0257
835 712.0257
836 712.0257
837 712.0257
838 712.0257
839 712.0257
840 712.0257
841 712.0257
842 712.0257
843 712.0257
844 712.0257
845 712.0257
846 712.0257
847 712.0257
848 712.0257
849 712.0257
850 712.0257
851 712.0257
852 712.0257
853 712.0257
854 712.0257
855 712.0257
856 712.0257
857 712.0257
858 712.0257
859 712.0257
860 712.0257
861 712.0257
862 712.0257
863 712.0257
864 712.0257
865 712.0257
866 712.0257
867 712.0257
868 712.0257
869 712.0257
870 712.0257
871 712.0257
872 712.0257
873 712.0257
874 712.0257
875 712.0257
876 712.0257
877 712.0257
878 712.0257
879 712.0257
880 712.0257
881 712.0257
882 712.0257
883 712.0257
884 712.0257
885 712.0257
886 712.0257
887 712.0257
888 712.0257
889 712.0257
890 712.0257
891 712.0257
892 712.0257
893 712.0257
894 712.0257
895 712.0257
896 712.0257
897 712.0257
898 712.0257
899 712.0257
900 712.0257
901 712.0257
902 712.0257
903 712.0257
904 712.0257
905 712.0257
906 712.0257
907 712.0257
908 712.0257
909 712.0257
910 712.0257
911 712.0257
912 712.0257
913 712.0257
914 712.0257
915 712.0257
916 712.0257
917 712.0257
918 712.0257
919 712.0257
920 712.0257
921 712.0257
922 712.0257
923 712.0257
924 712.0257
925 712.0257
926 712.0257
927 712.0257
928 712.0257
929 712.0257
930 712.0257
931 712.0257
932 712.0257
933 712.0257
934 712.0257
935 712.0257
936 712.0257
937 712.0257
938 712.0257
939 712.0257
940 712.0257
941 712.0257
942 712.0257
943 712.0257
944 712.0257
945 712.0257
946 712.0257
947 712.0257
948 712.0257
949 712.0257
950 712.0257
951 712.0257
952 712.0257
953 712.0257
954 712.0257
955 712.0257
956 712.0257
957 712.0257
958 712.0257
959 712.0257
960 712.0257
961 712.0257
962 712.0257
963 712.0257
964 712.0257
965 712.0257
966 712.0257
967 712.0257
968 712.0257
969 712.0257
970 712.0257
971 712.0257
972 712.0257
973 712.0257
974 712.0257
975 712.0257
976 712.0257
977 712.0257
978 712.0257
979 712.0257
980 712.0257
981 706.80444
982 706.80444
983 706.80444
984 706.80444
985 706.80444
986 706.80444
987 706.80444
988 706.80444
989 706.80444
990 706.80444
991 706.80444
992 706.80444
993 706.80444
994 706.80444
995 706.80444
996 706.80444
997 706.80444
998 706.80444
999 706.80444
1000 706.80444
1001 706.80444
1002 706.80444
1003 706.80444
1004 706.80444
1005 706.80444
1006 706.80444
1007 706.80444
1008 706.80444
1009 706.80444
1010 706.80444
1011 706.80444
1012 706.80444
1013 706.80444
1014 706.80444
1015 706.80444
1016 706.80444
1017 706.80444
1018 706.80444
1019 706.80444
1020 706.80444
1021 706.80444
1022 706.80444
1023 706.80444
1024 706.80444
1025 706.80444
1026 706.80444
1027 706.80444
1028 706.80444
1029 706.80444
1030 706.80444
1031 706.80444
1032 706.80444
1033 706.80444
1034 706.80444
1035 706.80444
1036 706.80444
1037 706.80444
1038 706.80444
1039 706.80444
1040 706.80444
1041 706.80444
1042 706.80444
1043 706.80444
1044 706.80444
1045 706.80444
1046 706.80444
1047 706.80444
1048 706.80444
1049 706.80444
1050 706.80444
1051 706.80444
1052 706.80444
1053 706.80444
1054 706.80444
1055 706.80444
1056 706.80444
1057 706.80444
1058 706.80444
1059 706.80444
1060 706.80444
1061 706.80444
1062 706.80444
1063 706.80444
1064 706.80444
1065 706.80444
1066 706.80444
1067 706.80444
1068 706.80444
1069 706.80444
1070 706.80444
1071 706.80444
1072 706.80444
1073 706.80444
1074 706.80444
1075 706.80444
1076 706.80444
1077 706.80444
1078 706.80444
1079 706.80444
1080 706.80444
1081 706.80444
1082 706.80444
1083 706.80444
1084 706.80444
1085 706.80444
1086 706.80444
1087 706.80444
1088 706.80444
1089 706.80444
1090 706.80444
1091 706.80444
1092 706.80444
1093 706.80444
1094 706.80444
1095 706.80444
1096 706.80444
1097 706.80444
1098 706.80444
1099 706.80444
1100 706.80444
1101 706.80444
1102 706.80444
1103 706.80444
1104 706.80444
1105 706.80444
1106 706.80444
1107 706.80444
1108 706.80444
1109 706.80444
1110 706.80444
1111 706.80444
1112 706.80444
1113 706.80444
1114 706.80444
1115 706.80444
1116 706.80444
1117 706.80444
1118 706.80444
1119 706.80444
1120 706.80444
1121 706.80444
1122 706.80444
1123 706.80444
1124 706.80444
1125 706.80444
1126 706.80444
1127 706.80444
1128 706.80444
1129 706.80444
1130 706.80444
1131 706.80444
1132 706.80444
1133 706.80444
1134 706.80444
1135 706.80444
1136 706.80444
1137 706.80444
1138 706.80444
1139 706.80444
1140 706.80444
1141 706.80444
1142 706.80444
1143 706.80444
1144 706.80444
1145 706.80444
1146 706.80444
1147 706.80444
1148 706.80444
1149 706.80444
1150 706.80444
1151 706.80444
1152 706.80444
1153 706.80444
1154 706.80444
1155 706.80444
1156 706.80444
1157 706.80444
1158 706.80444
1159 706.80444
1160 706.80444
1161 706.80444
1162 706.80444
1163 706.80444
1164 706.80444
1165 706.80444
1166 706.80444
1167 706.80444
1168 706.80444
1169 706.80444
1170 706.80444
1171 706.80444
1172 706.80444
1173 706.80444
1174 706.80444
1175 706.80444
1176 706.80444
1177 706.80444
1178 706.80444
1179 706.80444
1180 706.80444
1181 706.80444
1182 706.80444
1183 706.80444
1184 706.80444
1185 706.80444
1186 706.80444
1187 706.80444
1188 706.80444
1189 706.80444
1190 706.80444
1191 706.80444
1192 706.80444
1193 706.80444
1194 706.80444
1195 706.80444
1196 706.80444
1197 706.80444
1198 706.80444
1199 706.80444
1200 706.80444
1201 706.80444
1202 706.80444
1203 706.80444
1204 706.80444
1205 706.80444
1206 706.80444
1207 706.80444
1208 706.80444
1209 706.80444
1210 706.80444
1211 706.80444
1212 706.80444
1213 706.80444
1214 706.80444
1215 706.80444
1216 706.80444
1217 706.80444
1218 706.80444
1219 706.80444
1220 706.80444
1221 706.80444
1222 706.80444
1223 706.80444
1224 706.80444
1225 706.80444
1226 706.80444
1227 706.80444
1228 706.80444
1229 706.80444
1230 706.80444
1231 706.80444
1232 706.80444
1233 706.80444
1234 706.80444
1235 706.80444
1236 706.80444
1237 706.80444
1238 706.80444
1239 706.80444
1240 706.80444
1241 706.80444
1242 706.80444
1243 706.80444
1244 706.80444
1245 706.80444
1246 706.80444
1247 706.80444
1248 706.80444
1249 706.80444
1250 706.80444
1251 706.80444
1252 706.80444
1253 706.80444
1254 706.80444
1255 706.80444
1256 706.80444
1257 706.80444
1258 706.80444
1259 706.80444
1260 706.80444
1261 706.80444
1262 706.80444
1263 706.80444
1264 706.80444
1265 706.80444
1266 706.80444
1267 706.80444
1268 706.80444
1269 706.80444
1270 706.80444
1271 706.80444
1272 706.80444
1273 706.80444
1274 706.80444
1275 706.80444
1276 706.80444
1277 706.80444
1278 706.80444
1279 706.80444
1280 706.80444
1281 706.80444
1282 706.80444
1283 706.80444
1284 706.80444
1285 706.80444
1286 706.80444
1287 706.80444
1288 706.80444
1289 706.80444
1290 706.80444
1291 706.80444
1292 706.80444
1293 706.80444
1294 706.80444
1295 706.80444
1296 706.80444
1297 706.80444
1298 706.80444
1299 706.80444
1300 706.80444
1301 706.80444
1302 706.80444
1303 706.80444
1304 706.80444
1305 706.80444
1306 706.80444
1307 706.80444
1308 706.80444
1309 706.80444
1310 706.80444
1311 706.80444
1312 706.80444
1313 706.80444
1314 706.80444
1315 706.80444
1316 706.80444
1317 706.80444
1318 706.80444
1319 706.80444
1320 706.80444
1321 706.80444
1322 706.80444
1323 706.80444
1324 706.80444
1325 706.80444
1326 706.80444
1327 706.80444
1328 706.80444
1329 706.80444
1330 706.80444
1331 706.80444
1332 706.80444
1333 706.80444
1334 706.80444
1335 706.80444
1336 706.80444
1337 706.80444
1338 706.80444
1339 706.80444
1340 706.80444
1341 706.80444
1342 706.80444
1343 706.80444
1344 706.80444
1345 706.80444
1346 706.80444
1347 706.80444
1348 706.80444
1349 706.80444
1350 706.80444
1351 706.80444
1352 706.80444
1353 706.80444
1354 706.80444
1355 706.80444
1356 706.80444
1357 706.80444
1358 706.80444
1359 706.80444
1360 706.80444
1361 706.80444
1362 706.80444
1363 706.80444
1364 706.80444
1365 706.80444
1366 706.80444
1367 706.80444
1368 706.80444
1369 706.80444
1370 706.80444
1371 706.80444
1372 706.80444
1373 706.80444
1374 706.80444
1375 706.80444
1376 706.80444
1377 706.80444
1378 706.80444
1379 706.80444
1380 706.80444
1381 706.80444
1382 706.80444
1383 706.80444
1384 706.80444
1385 706.80444
1386 706.80444
1387 706.80444
1388 706.80444
1389 706.80444
1390 706.80444
1391 706.80444
1392 706.80444
1393 706.80444
1394 706.80444
1395 706.80444
1396 706.80444
1397 706.80444
1398 706.80444
1399 706.80444
1400 706.80444
1401 706.80444
1402 706.80444
1403 706.80444
1404 706.80444
1405 706.80444
1406 706.80444
1407 706.80444
1408 706.80444
1409 706.80444
1410 706.80444
1411 706.80444
1412 706.80444
1413 706.80444
1414 706.80444
1415 706.80444
1416 706.80444
1417 706.80444
1418 706.80444
1419 706.80444
1420 706.80444
1421 706.80444
1422 706.80444
1423 706.80444
1424 706.80444
1425 706.80444
1426 706.80444
1427 706.80444
1428 706.80444
1429 706.80444
1430 706.80444
1431 706.80444
1432 706.80444
1433 706.80444
1434 706.80444
1435 706.80444
1436 706.80444
1437 706.80444
1438 706.80444
1439 706.80444
1440 706.80444
1441 706.80444
1442 706.80444
1443 706.80444
1444 706.80444
1445 706.80444
1446 706.80444
1447 706.80444
1448 706.80444
1449 706.80444
1450 706.80444
1451 706.80444
1452 706.80444
1453 706.80444
1454 706.80444
1455 706.80444
1456 706.80444
1457 706.80444
1458 706.80444
1459 706.80444
1460 706.80444
1461 706.80444
1462 706.80444
1463 706.80444
1464 706.80444
1465 706.80444
1466 706.80444
1467 706.80444
1468 706.80444
1469 706.80444
1470 706.80444
1471 706.80444
1472 706.80444
1473 706.80444
1474 706.80444
1475 706.80444
1476 706.80444
1477 706.80444
1478 706.80444
1479 706.80444
1480 706.80444
1481 706.80444
1482 706.80444
1483 706.80444
1484 706.80444
1485 706.80444
1486 706.80444
1487 706.80444
1488 706.80444
1489 706.80444
1490 706.80444
1491 706.80444
1492 706.80444
1493 706.80444
1494 706.80444
1495 706.80444
1496 706.80444
1497 706.80444
1498 706.80444
1499 706.80444
1500 706.80444
1501 706.80444
1502 706.80444
1503 706.80444
1504 706.80444
1505 706.80444
1506 706.80444
1507 706.80444
1508 706.80444
1509 706.80444
1510 706.80444
1511 706.80444
1512 706.80444
1513 706.80444
1514 706.80444
1515 706.80444
1516 706.80444
1517 706.80444
1518 706.80444
1519 706.80444
1520 706.80444
1521 706.80444
1522 706.80444
1523 706.80444
1524 706.80444
1525 706.80444
1526 706.80444
1527 706.80444
1528 706.80444
1529 706.80444
1530 706.80444
1531 706.80444
1532 706.80444
1533 706.80444
1534 706.80444
1535 706.80444
1536 706.80444
1537 706.80444
1538 706.80444
1539 706.80444
1540 706.80444
1541 706.80444
1542 706.80444
1543 706.80444
1544 706.80444
1545 706.80444
1546 706.80444
1547 706.80444
1548 706.80444
1549 706.80444
1550 706.80444
1551 706.80444
1552 706.80444
1553 706.80444
1554 706.80444
1555 706.80444
1556 706.80444
1557 706.80444
1558 706.80444
1559 706.80444
1560 706.80444
1561 706.80444
1562 706.80444
1563 706.80444
1564 706.80444
1565 706.80444
1566 706.80444
1567 706.80444
1568 706.80444
1569 706.80444
1570 706.80444
1571 706.80444
1572 706.80444
1573 706.80444
1574 706.80444
1575 706.80444
1576 706.80444
1577 706.80444
1578 706.80444
1579 706.80444
1580 706.80444
1581 706.80444
1582 706.80444
1583 706.80444
1584 706.80444
1585 706.80444
1586 706.80444
1587 706.80444
1588 706.80444
1589 706.80444
1590 706.80444
1591 706.80444
1592 706.80444
1593 706.80444
1594 706.80444
1595 706.80444
1596 706.80444
1597 706.80444
1598 706.80444
1599 706.80444
1600 706.80444
1601 706.80444
1602 706.80444
1603 706.80444
1604 706.80444
1605 706.80444
1606 706.80444
1607 706.80444
1608 706.80444
1609 706.80444
1610 706.80444
1611 706.80444
1612 706.80444
1613 706.80444
1614 706.80444
1615 706.80444
1616 706.80444
1617 706.80444
1618 706.80444
1619 706.80444
1620 706.80444
1621 706.80444
1622 706.80444
1623 706.80444
1624 706.80444
1625 706.80444
1626 706.80444
1627 706.80444
1628 706.80444
1629 706.80444
1630 706.80444
1631 706.80444
1632 706.80444
1633 706.80444
1634 706.80444
1635 706.80444
1636 706.80444
1637 706.80444
1638 706.80444
1639 706.80444
1640 706.80444
1641 706.80444
1642 706.80444
1643 706.80444
1644 706.80444
1645 706.80444
1646 706.80444
1647 706.80444
1648 706.80444
1649 706.80444
1650 706.80444
1651 706.80444
1652 706.80444
1653 706.80444
1654 706.80444
1655 706.80444
1656 706.80444
1657 706.80444
1658 706.80444
1659 706.80444
1660 706.80444
1661 706.80444
1662 706.80444
1663 706.80444
1664 706.80444
1665 706.80444
1666 706.80444
1667 706.80444
1668 706.80444
1669 706.80444
1670 706.80444
1671 706.80444
1672 706.80444
1673 706.80444
1674 706.80444
1675 706.80444
1676 706.80444
1677 706.80444
1678 706.80444
1679 706.80444
1680 706.80444
1681 706.80444
1682 706.80444
1683 706.80444
1684 706.80444
1685 706.80444
1686 706.80444
1687 706.80444
1688 706.80444
1689 706.80444
1690 706.80444
1691 706.80444
1692 706.80444
1693 706.80444
1694 706.80444
1695 706.80444
1696 706.80444
1697 706.80444
1698 706.80444
1699 706.80444
1700 706.80444
1701 706.80444
1702 706.80444
1703 706.80444
1704 706.80444
1705 706.80444
1706 706.80444
1707 706.80444
1708 706.80444
1709 706.80444
1710 706.80444
1711 706.80444
1712 706.80444
1713 706.80444
1714 706.80444
1715 706.80444
1716 706.80444
1717 706.80444
1718 706.80444
1719 706.80444
1720 706.80444
1721 706.80444
1722 706.80444
1723 706.80444
1724 706.80444
1725 706.80444
1726 706.80444
1727 706.80444
1728 706.80444
1729 706.80444
1730 706.80444
1731 706.80444
1732 706.80444
1733 706.80444
1734 706.80444
1735 706.80444
1736 706.80444
1737 706.80444
1738 706.80444
1739 706.80444
1740 706.80444
1741 706.80444
1742 706.80444
1743 706.80444
1744 706.80444
1745 706.80444
1746 706.80444
1747 706.80444
1748 706.80444
1749 706.80444
1750 706.80444
1751 706.80444
1752 706.80444
1753 706.80444
1754 706.80444
1755 706.80444
1756 706.80444
1757 706.80444
1758 706.80444
1759 706.80444
1760 706.80444
1761 706.80444
1762 706.80444
1763 706.80444
1764 706.80444
1765 706.80444
1766 706.80444
1767 706.80444
1768 706.80444
1769 706.80444
1770 706.80444
1771 706.80444
1772 706.80444
1773 706.80444
1774 706.80444
1775 706.80444
1776 706.80444
1777 706.80444
1778 706.80444
1779 706.80444
1780 706.80444
1781 706.80444
1782 706.80444
1783 706.80444
1784 706.80444
1785 706.80444
1786 706.80444
1787 706.80444
1788 706.80444
1789 706.80444
1790 706.80444
1791 706.80444
1792 706.80444
1793 706.80444
1794 706.80444
1795 706.80444
1796 706.80444
1797 706.80444
1798 706.80444
1799 706.80444
1800 706.80444
1801 706.80444
1802 706.80444
1803 706.80444
1804 706.80444
1805 706.80444
1806 706.80444
1807 706.80444
1808 706.80444
1809 706.80444
1810 706.80444
1811 706.80444
1812 706.80444
1813 706.80444
1814 706.80444
1815 706.80444
1816 706.80444
1817 706.80444
1818 706.80444
1819 706.80444
1820 706.80444
1821 706.80444
1822 706.80444
1823 706.80444
1824 706.80444
1825 706.80444
1826 706.80444
1827 706.80444
1828 706.80444
1829 706.80444
1830 706.80444
1831 706.80444
1832 706.80444
1833 706.80444
1834 706.80444
1835 706.80444
1836 706.80444
1837 706.80444
1838 706.80444
1839 706.80444
1840 706.80444
1841 706.80444
1842 706.80444
1843 706.80444
1844 706.80444
1845 706.80444
1846 706.80444
1847 706.80444
1848 706.80444
1849 706.80444
1850 706.80444
1851 706.80444
1852 706.80444
1853 706.80444
1854 706.80444
1855 706.80444
1856 706.80444
1857 706.80444
1858 706.80444
1859 706.80444
1860 706.80444
1861 706.80444
1862 706.80444
1863 706.80444
1864 706.80444
1865 706.80444
1866 706.80444
1867 706.80444
1868 706.80444
1869 706.80444
1870 706.80444
1871 706.80444
1872 706.80444
1873 706.80444
1874 706.80444
1875 706.80444
1876 706.80444
1877 706.80444
1878 706.80444
1879 706.80444
1880 706.80444
1881 706.80444
1882 706.80444
1883 706.80444
1884 706.80444
1885 706.80444
1886 706.80444
1887 706.80444
1888 706.80444
1889 706.80444
1890 706.80444
1891 706.80444
1892 706.80444
1893 706.80444
1894 706.80444
1895 706.80444
1896 706.80444
1897 706.80444
1898 706.80444
1899 706.80444
1900 706.80444
1901 706.80444
1902 706.80444
1903 706.80444
1904 706.80444
1905 706.80444
1906 706.80444
1907 706.80444
1908 706.80444
1909 706.80444
1910 706.80444
1911 706.80444
1912 706.80444
1913 706.80444
1914 706.80444
1915 706.80444
1916 706.80444
1917 706.80444
1918 706.80444
1919 706.80444
1920 706.80444
1921 706.80444
1922 706.80444
1923 706.80444
1924 706.80444
1925 706.80444
1926 706.80444
1927 706.80444
1928 706.80444
1929 706.80444
1930 706.80444
1931 706.80444
1932 706.80444
1933 706.80444
1934 706.80444
1935 706.80444
1936 706.80444
1937 706.80444
1938 706.80444
1939 706.80444
1940 706.80444
1941 706.80444
1942 706.80444
1943 706.80444
1944 706.80444
1945 706.80444
1946 706.80444
1947 706.80444
1948 706.80444
1949 706.80444
1950 706.80444
1951 706.80444
1952 706.80444
1953 706.80444
1954 706.80444
1955 706.80444
1956 706.80444
1957 706.80444
1958 706.80444
1959 706.80444
1960 706.80444
1961 706.80444
1962 706.80444
1963 706.80444
1964 706.80444
1965 706.80444
1966 706.80444
1967 706.80444
1968 706.80444
1969 706.80444
1970 706.80444
1971 706.80444
1972 706.80444
1973 706.80444
1974 706.80444
1975 706.80444
1976 706.80444
1977 706.80444
1978 706.80444
1979 706.80444
1980 706.80444
1981 706.80444
1982 706.80444
1983 706.80444
1984 706.80444
1985 706.80444
1986 706.80444
1987 706.80444
1988 706.80444
1989 706.80444
1990 706.80444
1991 706.80444
1992 706.80444
1993 706.80444
1994 706.80444
1995 706.80444
1996 706.80444
1997 706.80444
1998 706.80444
1999 706.80444
2000 706.80444
2001 706.80444
2002 706.80444
2003 706.80444
2004 706.80444
2005 706.80444
2006 706.80444
2007 706.80444
2008 706.80444
2009 706.80444
2010 706.80444
2011 706.80444
2012 706.80444
2013 706.80444
2014 706.80444
2015 706.80444
2016 706.80444
2017 706.80444
2018 706.80444
2019 706.80444
2020 706.80444
2021 706.80444
2022 706.80444
2023 706.80444
2024 706.80444
2025 706.80444
2026 706.80444
2027 706.80444
2028 706.80444
2029 706.80444
2030 706.80444
2031 706.80444
2032 706.80444
2033 706.80444
2034 706.80444
2035 706.80444
2036 706.80444
2037 706.80444
2038 706.80444
2039 706.80444
2040 706.80444
2041 706.80444
2042 706.80444
2043 706.80444
2044 706.80444
2045 706.80444
2046 706.80444
2047 706.80444
2048 706.80444
2049 706.80444
2050 706.80444
2051 706.80444
2052 706.80444
2053 706.80444
2054 706.80444
2055 706.80444
2056 706.80444
2057 706.80444
2058 706.80444
2059 706.80444
2060 706.80444
2061 706.80444
2062 706.80444
2063 706.80444
2064 706.80444
2065 706.80444
2066 706.80444
2067 706.80444
2068 706.80444
2069 706.80444
2070 706.80444
2071 706.80444
2072 706.80444
2073 706.80444
2074 706.80444
2075 706.80444
2076 706.80444
2077 706.80444
2078 706.80444
2079 706.80444
2080 706.80444
2081 706.80444
2082 706.80444
2083 706.80444
2084 706.80444
2085 706.80444
2086 706.80444
2087 706.80444
2088 706.80444
2089 706.80444
2090 706.80444
2091 706.80444
2092 706.80444
2093 706.80444
2094 706.80444
2095 706.80444
2096 706.80444
2097 706.80444
2098 706.80444
2099 706.80444
2100 706.80444
2101 706.80444
2102 706.80444
2103 706.80444
2104 706.80444
2105 706.80444
2106 706.80444
2107 706.80444
2108 706.80444
2109 706.80444
2110 706.80444
2111 706.80444
2112 706.80444
2113 706.80444
2114 706.80444
2115 706.80444
2116 706.80444
2117 706.80444
2118 706.80444
2119 706.80444
2120 706.80444
2121 706.80444
2122 706.80444
2123 706.80444
2124 706.80444
2125 706.80444
2126 706.80444
2127 706.80444
2128 706.80444
2129 706.80444
2130 706.80444
2131 706.80444
2132 706.80444
2133 706.80444
2134 706.80444
2135 706.80444
2136 706.80444
2137 706.80444
2138 706.80444
2139 706.80444
2140 706.80444
2141 706.80444
2142 706.80444
2143 706.80444
2144 706.80444
2145 706.80444
2146 706.80444
2147 706.80444
2148 706.80444
2149 706.80444
2150 706.80444
2151 706.80444
2152 706.80444
2153 706.80444
2154 706.80444
2155 706.80444
2156 706.80444
2157 706.80444
2158 706.80444
2159 706.80444
2160 706.80444
2161 706.80444
2162 706.80444
2163 706.80444
2164 706.80444
2165 706.80444
2166 706.80444
2167 706.80444
2168 706.80444
2169 706.80444
2170 706.80444
2171 706.80444
2172 706.80444
2173 706.80444
2174 706.80444
2175 706.80444
2176 706.80444
2177 706.80444
2178 706.80444
2179 706.80444
2180 706.80444
2181 706.80444
2182 706.80444
2183 706.80444
2184 706.80444
2185 706.80444
2186 706.80444
2187 706.80444
2188 706.80444
2189 706.80444
2190 706.80444
2191 706.80444
2192 706.80444
2193 706.80444
2194 706.80444
2195 706.80444
2196 706.80444
2197 706.80444
2198 706.80444
2199 706.80444
2200 706.80444
2201 706.80444
2202 706.80444
2203 706.80444
2204 706.80444
2205 706.80444
2206 706.80444
2207 706.80444
2208 706.80444
2209 706.80444
2210 706.80444
2211 706.80444
2212 706.80444
2213 706.80444
2214 706.80444
2215 706.80444
2216 706.80444
2217 706.80444
2218 706.80444
2219 706.80444
2220 706.80444
2221 706.80444
2222 706.80444
2223 706.80444
2224 706.80444
2225 706.80444
2226 706.80444
2227 706.80444
2228 706.80444
2229 706.80444
2230 706.80444
2231 706.80444
2232 706.80444
2233 706.80444
2234 706.80444
2235 706.80444
2236 706.80444
2237 706.80444
2238 706.80444
2239 706.80444
2240 706.80444
2241 706.80444
2242 706.80444
2243 706.80444
2244 706.80444
2245 706.80444
2246 706.80444
2247 706.80444
2248 706.80444
2249 706.80444
2250 706.80444
2251 706.80444
2252 706.80444
2253 706.80444
2254 706.80444
2255 706.80444
2256 706.80444
2257 706.80444
2258 706.80444
2259 706.80444
2260 706.80444
2261 706.80444
2262 706.80444
2263 706.80444
2264 706.80444
2265 706.80444
2266 706.80444
2267 706.80444
2268 706.80444
2269 706.80444
2270 706.80444
2271 706.80444
2272 706.80444
2273 706.80444
2274 706.80444
2275 706.80444
2276 706.80444
2277 706.80444
2278 706.80444
2279 706.80444
2280 706.80444
2281 706.80444
2282 706.80444
2283 706.80444
2284 706.80444
2285 706.80444
2286 706.80444
2287 706.80444
2288 706.80444
2289 706.80444
2290 706.80444
2291 706.80444
2292 706.80444
2293 706.80444
2294 706.80444
2295 706.80444
2296 706.80444
2297 706.80444
2298 706.80444
2299 706.80444
2300 706.80444
2301 706.80444
2302 706.80444
2303 706.80444
2304 706.80444
2305 706.80444
2306 706.80444
2307 706.80444
2308 706.80444
2309 706.80444
2310 706.80444
2311 706.80444
2312 706.80444
2313 706.80444
2314 706.80444
2315 706.80444
2316 706.80444
2317 706.80444
2318 706.80444
2319 706.80444
2320 706.80444
2321 706.80444
2322 706.80444
2323 706.80444
2324 706.80444
2325 706.80444
2326 706.80444
2327 706.80444
2328 706.80444
2329 706.80444
2330 706.80444
2331 706.80444
2332 706.80444
2333 706.80444
2334 706.80444
2335 706.80444
2336 706.80444
2337 706.80444
2338 706.80444
2339 706.80444
2340 706.80444
2341 706.80444
2342 706.80444
2343 706.80444
2344 706.80444
2345 706.80444
2346 706.80444
2347 706.80444
2348 706.80444
2349 706.80444
2350 706.80444
2351 706.80444
2352 706.80444
2353 706.80444
2354 706.80444
2355 706.80444
2356 706.80444
2357 706.80444
2358 706.80444
2359 706.80444
2360 706.80444
2361 706.80444
2362 706.80444
2363 706.80444
2364 706.80444
2365 706.80444
2366 706.80444
2367 706.80444
2368 706.80444
2369 706.80444
2370 706.80444
2371 706.80444
2372 706.80444
2373 706.80444
2374 706.80444
2375 706.80444
2376 706.80444
2377 706.80444
2378 706.80444
2379 706.80444
2380 706.80444
2381 706.80444
2382 706.80444
2383 706.80444
2384 706.80444
2385 706.80444
2386 706.80444
2387 706.80444
2388 706.80444
2389 706.80444
2390 706.80444
2391 706.80444
2392 706.80444
2393 706.80444
2394 706.80444
2395 706.80444
2396 706.80444
2397 706.80444
2398 706.80444
2399 706.80444
2400 706.80444
2401 706.80444
2402 706.80444
2403 706.80444
2404 706.80444
2405 706.80444
2406 706.80444
2407 706.80444
2408 706.80444
2409 706.80444
2410 706.80444
2411 706.80444
2412 706.80444
2413 706.80444
2414 706.80444
2415 706.80444
2416 706.80444
2417 706.80444
2418 706.80444
2419 706.80444
2420 706.80444
2421 706.80444
2422 706.80444
2423 706.80444
2424 706.80444
2425 706.80444
2426 706.80444
2427 706.80444
2428 706.80444
2429 706.80444
2430 706.80444
2431 706.80444
2432 706.80444
2433 706.80444
2434 706.80444
2435 706.80444
2436 706.80444
2437 706.80444
2438 706.80444
2439 706.80444
2440 706.80444
2441 706.80444
2442 706.80444
2443 706.80444
2444 706.80444
2445 706.80444
2446 706.80444
2447 706.80444
2448 706.80444
2449 706.80444
2450 706.80444
2451 706.80444
2452 706.80444
2453 706.80444
2454 706.80444
2455 706.80444
2456 706.80444
2457 706.80444
2458 706.80444
2459 706.80444
2460 706.80444
2461 706.80444
2462 706.80444
2463 706.80444
2464 706.80444
2465 706.80444
2466 706.80444
2467 706.80444
2468 706.80444
2469 706.80444
2470 706.80444
2471 706.80444
2472 706.80444
2473 706.80444
2474 706.80444
2475 706.80444
2476 706.80444
2477 706.80444
2478 706.80444
2479 706.80444
2480 706.80444
2481 706.80444
2482 706.80444
2483 706.80444
2484 706.80444
2485 706.80444
2486 706.80444
2487 706.80444
2488 706.80444
2489 706.80444
2490 706.80444
2491 706.80444
2492 706.80444
2493 706.80444
2494 706.80444
2495 706.80444
2496 706.80444
2497 706.80444
2498 706.80444
2499 706.80444
2500 706.80444
2501 706.80444
2502 706.80444
2503 706.80444
2504 706.80444
2505 706.80444
2506 706.80444
2507 706.80444
2508 706.80444
2509 706.80444
2510 706.80444
2511 706.80444
2512 706.80444
2513 706.80444
2514 706.80444
2515 706.80444
2516 706.80444
2517 706.80444
2518 706.80444
2519 706.80444
2520 706.80444
2521 706.80444
2522 706.80444
2523 706.80444
2524 706.80444
2525 706.80444
2526 706.80444
2527 706.80444
2528 706.80444
2529 706.80444
2530 706.80444
2531 706.80444
2532 706.80444
2533 706.80444
2534 706.80444
2535 706.80444
2536 706.80444
2537 706.80444
2538 706.80444
2539 706.80444
2540 706.80444
2541 706.80444
2542 706.80444
2543 706.80444
2544 706.80444
2545 706.80444
2546 706.80444
2547 706.80444
2548 706.80444
2549 706.80444
2550 706.80444
2551 706.80444
2552 706.80444
2553 706.80444
2554 706.80444
2555 706.80444
2556 706.80444
2557 706.80444
2558 706.80444
2559 706.80444
2560 706.80444
2561 706.80444
2562 706.80444
2563 706.80444
2564 706.80444
2565 706.80444
2566 706.80444
2567 706.80444
2568 706.80444
2569 706.80444
2570 706.80444
2571 706.80444
2572 706.80444
2573 706.80444
2574 706.80444
2575 706.80444
2576 706.80444
2577 706.80444
2578 706.80444
2579 706.80444
2580 706.80444
2581 706.80444
2582 706.80444
2583 706.80444
2584 706.80444
2585 706.80444
2586 706.80444
2587 706.80444
2588 706.80444
2589 706.80444
2590 706.80444
2591 706.80444
2592 706.80444
2593 706.80444
2594 706.80444
2595 706.80444
2596 706.80444
2597 706.80444
2598 706.80444
2599 706.80444
2600 706.80444
2601 706.80444
2602 706.80444
2603 706.80444
2604 706.80444
2605 706.80444
2606 706.80444
2607 706.80444
2608 706.80444
2609 706.80444
2610 706.80444
2611 706.80444
2612 706.80444
2613 706.80444
2614 706.80444
2615 706.80444
2616 706.80444
2617 706.80444
2618 706.80444
2619 706.80444
2620 706.80444
2621 706.80444
2622 706.80444
2623 706.80444
2624 706.80444
2625 706.80444
2626 706.80444
2627 706.80444
2628 706.80444
2629 706.80444
2630 706.80444
2631 706.80444
2632 706.80444
2633 706.80444
2634 706.80444
2635 706.80444
2636 706.80444
2637 706.80444
2638 706.80444
2639 706.80444
2640 706.80444
2641 706.80444
2642 706.80444
2643 706.80444
2644 706.80444
2645 706.80444
2646 706.80444
2647 706.80444
2648 706.80444
2649 706.80444
2650 706.80444
2651 706.80444
2652 706.80444
2653 706.80444
2654 706.80444
2655 706.80444
2656 706.80444
2657 706.80444
2658 706.80444
2659 706.80444
2660 706.80444
2661 706.80444
2662 706.80444
2663 706.80444
2664 706.80444
2665 706.80444
2666 706.80444
2667 706.80444
2668 706.80444
2669 706.80444
2670 706.80444
2671 706.80444
2672 706.80444
2673 706.80444
2674 706.80444
2675 706.80444
2676 706.80444
2677 706.80444
2678 706.80444
2679 706.80444
2680 706.80444
2681 706.80444
2682 706.80444
2683 706.80444
2684 706.80444
2685 706.80444
2686 706.80444
2687 706.80444
2688 706.80444
2689 706.80444
2690 706.80444
2691 706.80444
2692 706.80444
2693 706.80444
2694 706.80444
2695 706.80444
2696 706.80444
2697 706.80444
2698 706.80444
2699 706.80444
2700 706.80444
2701 706.80444
2702 706.80444
2703 706.80444
2704 706.80444
2705 706.80444
2706 706.80444
2707 706.80444
2708 706.80444
2709 706.80444
2710 706.80444
2711 706.80444
2712 706.80444
2713 706.80444
2714 706.80444
2715 706.80444
2716 706.80444
2717 706.80444
2718 706.80444
2719 706.80444
2720 706.80444
2721 706.80444
2722 706.80444
2723 706.80444
2724 706.80444
2725 706.80444
2726 706.80444
2727 706.80444
2728 706.80444
2729 706.80444
2730 706.80444
2731 706.80444
2732 706.80444
2733 706.80444
2734 706.80444
2735 706.80444
2736 706.80444
2737 706.80444
2738 706.80444
2739 706.80444
2740 706.80444
2741 706.80444
2742 706.80444
2743 706.80444
2744 706.80444
2745 706.80444
2746 706.80444
2747 706.80444
2748 706.80444
2749 706.80444
2750 706.80444
2751 706.80444
2752 706.80444
2753 706.80444
2754 706.80444
2755 706.80444
2756 706.80444
2757 706.80444
2758 706.80444
2759 706.80444
2760 706.80444
2761 706.80444
2762 706.80444
2763 706.80444
2764 706.80444
2765 706.80444
2766 706.80444
2767 706.80444
2768 706.80444
2769 706.80444
2770 706.80444
2771 706.80444
2772 706.80444
2773 706.80444
2774 706.80444
2775 706.80444
2776 706.80444
2777 706.80444
2778 706.80444
2779 706.80444
2780 706.80444
2781 706.80444
2782 706.80444
2783 706.80444
2784 706.80444
2785 706.80444
2786 706.80444
2787 706.80444
2788 706.80444
2789 706.80444
2790 706.80444
2791 706.80444
2792 706.80444
2793 706.80444
2794 706.80444
2795 706.80444
2796 706.80444
2797 706.80444
2798 706.80444
2799 706.80444
2800 706.80444
2801 706.80444
2802 706.80444
2803 706.80444
2804 706.80444
2805 706.80444
2806 706.80444
2807 706.80444
2808 706.80444
2809 706.80444
2810 706.80444
2811 706.80444
2812 706.80444
2813 706.80444
2814 706.80444
2815 706.80444
2816 706.80444
2817 706.80444
2818 706.80444
2819 706.80444
2820 706.80444
2821 706.80444
2822 706.80444
2823 706.80444
2824 706.80444
2825 706.80444
2826 706.80444
2827 706.80444
2828 706.80444
2829 706.80444
2830 706.80444
2831 706.80444
2832 706.80444
2833 706.80444
2834 706.80444
2835 706.80444
2836 706.80444
2837 706.80444
2838 706.80444
2839 706.80444
2840 706.80444
2841 706.80444
2842 706.80444
2843 706.80444
2844 706.80444
2845 706.80444
2846 706.80444
2847 706.80444
2848 706.80444
2849 706.80444
2850 706.80444
2851 706.80444
2852 706.80444
2853 706.80444
2854 706.80444
2855 706.80444
2856 706.80444
2857 706.80444
2858 706.80444
2859 706.80444
2860 706.80444
2861 706.80444
2862 706.80444
2863 706.80444
2864 706.80444
2865 706.80444
2866 706.80444
2867 706.80444
2868 706.80444
2869 706.80444
2870 706.80444
2871 706.80444
2872 706.80444
2873 706.80444
2874 706.80444
2875 706.80444
2876 706.80444
2877 706.80444
2878 706.80444
2879 706.80444
2880 706.80444
2881 706.80444
2882 706.80444
2883 706.80444
2884 706.80444
2885 706.80444
2886 706.80444
2887 706.80444
2888 706.80444
2889 706.80444
2890 706.80444
2891 706.80444
2892 706.80444
2893 706.80444
2894 706.80444
2895 706.80444
2896 706.80444
2897 706.80444
2898 706.80444
2899 706.80444
2900 706.80444
2901 706.80444
2902 706.80444
2903 706.80444
2904 706.80444
2905 706.80444
2906 706.80444
2907 706.80444
2908 706.80444
2909 706.80444
2910 706.80444
2911 706.80444
2912 706.80444
2913 706.80444
2914 706.80444
2915 706.80444
2916 706.80444
2917 706.80444
2918 706.80444
2919 706.80444
2920 706.80444
2921 706.80444
2922 706.80444
2923 706.80444
2924 706.80444
2925 706.80444
2926 706.80444
2927 706.80444
2928 706.80444
2929 706.80444
2930 706.80444
2931 706.80444
2932 706.80444
2933 706.80444
2934 706.80444
2935 706.80444
2936 706.80444
2937 706.80444
2938 706.80444
2939 706.80444
2940 706.80444
2941 706.80444
2942 706.80444
2943 706.80444
2944 706.80444
2945 706.80444
2946 706.80444
2947 706.80444
2948 706.80444
2949 706.80444
2950 706.80444
2951 706.80444
2952 706.80444
2953 706.80444
2954 706.80444
2955 706.80444
2956 706.80444
2957 706.80444
2958 706.80444
2959 706.80444
2960 706.80444
2961 706.80444
2962 706.80444
2963 706.80444
2964 706.80444
2965 706.80444
2966 706.80444
2967 706.80444
2968 706.80444
2969 706.80444
2970 706.80444
2971 706.80444
2972 706.80444
2973 706.80444
2974 706.80444
2975 706.80444
2976 706.80444
2977 706.80444
2978 706.80444
2979 706.80444
2980 706.80444
2981 706.80444
2982 706.80444
2983 706.80444
2984 706.80444
2985 706.80444
2986 706.80444
2987 706.80444
2988 706.80444
2989 706.80444
2990 706.80444
2991 706.80444
2992 706.80444
2993 706.80444
2994 706.80444
2995 706.80444
2996 706.80444
2997 706.80444
2998 706.80444
2999 706.80444
3000 706.80444
3001 706.80444
3002 706.80444
3003 706.80444
3004 706.80444
3005 706.80444
3006 706.80444
3007 706.80444
3008 706.80444
3009 706.80444
3010 706.80444
3011 706.80444
3012 706.80444
3013 706.80444
3014 706.80444
3015 706.80444
3016 706.80444
3017 706.80444
3018 706.80444
3019 706.80444
3020 706.80444
3021 706.80444
3022 706.80444
3023 706.80444
3024 706.80444
3025 706.80444
3026 706.80444
3027 706.80444
3028 706.80444
3029 706.80444
3030 706.80444
3031 706.80444
3032 706.80444
3033 706.80444
3034 706.80444
3035 706.80444
3036 706.80444
3037 706.80444
3038 706.80444
3039 706.80444
3040 706.80444
3041 706.80444
3042 706.80444
3043 706.80444
3044 706.80444
3045 706.80444
3046 706.80444
3047 706.80444
3048 706.80444
3049 706.80444
3050 706.80444
3051 706.80444
3052 706.80444
3053 706.80444
3054 706.80444
3055 706.80444
3056 706.80444
3057 706.80444
3058 706.80444
3059 706.80444
3060 706.80444
3061 706.80444
3062 706.80444
3063 706.80444
3064 706.80444
3065 706.80444
3066 706.80444
3067 706.80444
3068 706.80444
3069 706.80444
3070 706.80444
3071 706.80444
3072 706.80444
3073 706.80444
3074 706.80444
3075 706.80444
3076 706.80444
3077 706.80444
3078 706.80444
3079 706.80444
3080 706.80444
3081 706.80444
3082 706.80444
3083 706.80444
3084 706.80444
3085 706.80444
3086 706.80444
3087 706.80444
3088 706.80444
3089 706.80444
3090 706.80444
3091 706.80444
3092 706.80444
3093 706.80444
3094 706.80444
3095 706.80444
3096 706.80444
3097 706.80444
3098 706.80444
3099 706.80444
3100 706.80444
3101 706.80444
3102 706.80444
3103 706.80444
3104 706.80444
3105 706.80444
3106 706.80444
3107 706.80444
3108 706.80444
3109 706.80444
3110 706.80444
3111 706.80444
3112 706.80444
3113 706.80444
3114 706.80444
3115 706.80444
3116 706.80444
3117 706.80444
3118 706.80444
3119 706.80444
3120 706.80444
3121 706.80444
3122 706.80444
3123 706.80444
3124 706.80444
3125 706.80444
3126 706.80444
3127 706.80444
3128 706.80444
3129 706.80444
3130 706.80444
3131 706.80444
3132 706.80444
3133 706.80444
3134 706.80444
3135 706.80444
3136 706.80444
3137 706.80444
3138 706.80444
3139 706.80444
3140 706.80444
3141 706.80444
3142 706.80444
3143 706.80444
3144 706.80444
3145 706.80444
3146 706.80444
3147 706.80444
3148 706.80444
3149 706.80444
3150 706.80444
3151 706.80444
3152 706.80444
3153 706.80444
3154 706.80444
3155 706.80444
3156 706.80444
3157 706.80444
3158 706.80444
3159 706.80444
3160 706.80444
3161 706.80444
3162 706.80444
3163 706.80444
3164 706.80444
3165 706.80444
3166 706.80444
3167 706.80444
3168 706.80444
3169 706.80444
3170 706.80444
3171 706.80444
3172 706.80444
3173 706.80444
3174 706.80444
3175 706.80444
3176 706.80444
3177 706.80444
3178 706.80444
3179 706.80444
3180 706.80444
3181 706.80444
3182 706.80444
3183 706.80444
3184 706.80444
3185 706.80444
3186 706.80444
3187 706.80444
3188 706.80444
3189 706.80444
3190 706.80444
3191 706.80444
3192 706.80444
3193 706.80444
3194 706.80444
3195 706.80444
3196 706.80444
3197 706.80444
3198 706.80444
3199 706.80444
3200 706.80444
3201 706.80444
3202 706.80444
3203 706.80444
3204 706.80444
3205 706.80444
3206 706.80444
3207 706.80444
3208 706.80444
3209 706.80444
3210 706.80444
3211 706.80444
3212 706.80444
3213 706.80444
3214 706.80444
3215 706.80444
3216 706.80444
3217 706.80444
3218 706.80444
3219 706.80444
3220 706.80444
3221 706.80444
3222 706.80444
3223 706.80444
3224 706.80444
3225 706.80444
3226 706.80444
3227 706.80444
3228 706.80444
3229 706.80444
3230 706.80444
3231 706.80444
3232 706.80444
3233 706.80444
3234 706.80444
3235 706.80444
3236 706.80444
3237 706.80444
3238 706.80444
3239 706.80444
3240 706.80444
3241 706.80444
3242 706.80444
3243 706.80444
3244 706.80444
3245 706.80444
3246 706.80444
3247 706.80444
3248 706.80444
3249 706.80444
3250 706.80444
3251 706.80444
3252 706.80444
3253 706.80444
3254 706.80444
3255 706.80444
3256 706.80444
3257 706.80444
3258 706.80444
3259 706.80444
3260 706.80444
3261 706.80444
3262 706.80444
3263 706.80444
3264 706.80444
3265 706.80444
3266 706.80444
3267 706.80444
3268 706.80444
3269 706.80444
3270 706.80444
3271 706.80444
3272 706.80444
3273 706.80444
3274 706.80444
3275 706.80444
3276 706.80444
3277 706.80444
3278 706.80444
3279 706.80444
3280 706.80444
3281 706.80444
3282 706.80444
3283 706.80444
3284 706.80444
3285 706.80444
3286 706.80444
3287 706.80444
3288 706.80444
3289 706.80444
3290 706.80444
3291 706.80444
3292 706.80444
3293 706.80444
3294 706.80444
3295 706.80444
3296 706.80444
3297 706.80444
3298 706.80444
3299 706.80444
3300 706.80444
3301 706.80444
3302 706.80444
3303 706.80444
3304 706.80444
3305 706.80444
3306 706.80444
3307 706.80444
3308 706.80444
3309 706.80444
3310 706.80444
3311 706.80444
3312 706.80444
3313 706.80444
3314 706.80444
3315 706.80444
3316 706.80444
3317 706.80444
3318 706.80444
3319 706.80444
3320 706.80444
3321 706.80444
3322 706.80444
3323 706.80444
3324 706.80444
3325 706.80444
3326 706.80444
3327 706.80444
3328 706.80444
3329 706.80444
3330 706.80444
3331 706.80444
3332 706.80444
3333 706.80444
3334 706.80444
3335 706.80444
3336 706.80444
3337 706.80444
3338 706.80444
3339 706.80444
3340 706.80444
3341 706.80444
3342 706.80444
3343 706.80444
3344 706.80444
3345 706.80444
3346 706.80444
3347 706.80444
3348 706.80444
3349 706.80444
3350 706.80444
3351 706.80444
3352 706.80444
3353 706.80444
3354 706.80444
3355 706.80444
3356 706.80444
3357 706.80444
3358 706.80444
3359 706.80444
3360 706.80444
3361 706.80444
3362 706.80444
3363 706.80444
3364 706.80444
3365 706.80444
3366 706.80444
3367 706.80444
3368 706.80444
3369 706.80444
3370 706.80444
3371 706.80444
3372 706.80444
3373 706.80444
3374 706.80444
3375 706.80444
3376 706.80444
3377 706.80444
3378 706.80444
3379 706.80444
3380 706.80444
3381 706.80444
3382 706.80444
3383 706.80444
3384 706.80444
3385 706.80444
3386 706.80444
3387 706.80444
3388 706.80444
3389 706.80444
3390 706.80444
3391 706.80444
3392 706.80444
3393 706.80444
3394 706.80444
3395 706.80444
3396 706.80444
3397 706.80444
3398 706.80444
3399 706.80444
3400 706.80444
3401 706.80444
3402 706.80444
3403 706.80444
3404 706.80444
3405 706.80444
3406 706.80444
3407 706.80444
3408 706.80444
3409 706.80444
3410 706.80444
3411 706.80444
3412 706.80444
3413 706.80444
3414 706.80444
3415 706.80444
3416 706.80444
3417 706.80444
3418 706.80444
3419 706.80444
3420 706.80444
3421 706.80444
3422 706.80444
3423 706.80444
3424 706.80444
3425 706.80444
3426 706.80444
3427 706.80444
3428 706.80444
3429 706.80444
3430 706.80444
3431 706.80444
3432 706.80444
3433 706.80444
3434 706.80444
3435 706.80444
3436 706.80444
3437 706.80444
3438 706.80444
3439 706.80444
3440 706.80444
3441 706.80444
3442 706.80444
3443 706.80444
3444 706.80444
3445 706.80444
3446 706.80444
3447 706.80444
3448 706.80444
3449 706.80444
3450 706.80444
3451 706.80444
3452 706.80444
3453 706.80444
3454 706.80444
3455 706.80444
3456 706.80444
3457 706.80444
3458 706.80444
3459 706.80444
3460 706.80444
3461 706.80444
3462 706.80444
3463 706.80444
3464 706.80444
3465 706.80444
3466 706.80444
3467 706.80444
3468 706.80444
3469 706.80444
3470 706.80444
3471 706.80444
3472 706.80444
3473 706.80444
3474 706.80444
3475 706.80444
3476 706.80444
3477 706.80444
3478 706.80444
3479 706.80444
3480 706.80444
3481 706.80444
3482 706.80444
3483 706.80444
3484 706.80444
3485 706.80444
3486 706.80444
3487 706.80444
3488 706.80444
3489 706.80444
3490 706.80444
3491 706.80444
3492 706.80444
3493 706.80444
3494 706.80444
3495 706.80444
3496 706.80444
3497 706.80444
3498 706.80444
3499 706.80444
3500 706.80444
3501 706.80444
3502 706.80444
3503 706.80444
3504 706.80444
3505 706.80444
3506 706.80444
3507 706.80444
3508 706.80444
3509 706.80444
3510 706.80444
3511 706.80444
3512 706.80444
3513 706.80444
3514 706.80444
3515 706.80444
3516 706.80444
3517 706.80444
3518 706.80444
3519 706.80444
3520 706.80444
3521 706.80444
3522 706.80444
3523 706.80444
3524 706.80444
3525 706.80444
3526 706.80444
3527 706.80444
3528 706.80444
3529 706.80444
3530 706.80444
3531 706.80444
3532 706.80444
3533 706.80444
3534 706.80444
3535 706.80444
3536 706.80444
3537 706.80444
3538 706.80444
3539 706.80444
3540 706.80444
3541 706.80444
3542 706.80444
3543 706.80444
3544 706.80444
3545 706.80444
3546 706.80444
3547 706.80444
3548 706.80444
3549 706.80444
3550 706.80444
3551 706.80444
3552 706.80444
3553 706.80444
3554 706.80444
3555 706.80444
3556 706.80444
3557 706.80444
3558 706.80444
3559 706.80444
3560 706.80444
3561 706.80444
3562 706.80444
3563 706.80444
3564 706.80444
3565 706.80444
3566 706.80444
3567 706.80444
3568 706.80444
3569 706.80444
3570 706.80444
3571 706.80444
3572 706.80444
3573 706.80444
3574 706.80444
3575 706.80444
3576 706.80444
3577 706.80444
3578 706.80444
3579 706.80444
3580 706.80444
3581 706.80444
3582 706.80444
3583 706.80444
3584 706.80444
3585 706.80444
3586 706.80444
3587 706.80444
3588 706.80444
3589 706.80444
3590 706.80444
3591 706.80444
3592 706.80444
3593 706.80444
3594 706.80444
3595 706.80444
3596 706.80444
3597 706.80444
3598 706.80444
3599 706.80444
3600 706.80444
3601 706.80444
3602 706.80444
3603 706.80444
3604 706.80444
3605 706.80444
3606 706.80444
3607 706.80444
3608 706.80444
3609 706.80444
3610 706.80444
3611 706.80444
3612 706.80444
3613 706.80444
3614 706.80444
3615 706.80444
3616 706.80444
3617 706.80444
3618 706.80444
3619 706.80444
3620 706.80444
3621 706.80444
3622 706.80444
3623 706.80444
3624 706.80444
3625 706.80444
3626 706.80444
3627 706.80444
3628 706.80444
3629 706.80444
3630 706.80444
3631 706.80444
3632 706.80444
3633 706.80444
3634 706.80444
3635 706.80444
3636 706.80444
3637 706.80444
3638 706.80444
3639 706.80444
3640 706.80444
3641 706.80444
3642 706.80444
3643 706.80444
3644 706.80444
3645 706.80444
3646 706.80444
3647 706.80444
3648 706.80444
3649 706.80444
3650 706.80444
3651 706.80444
3652 706.80444
3653 706.80444
3654 706.80444
3655 706.80444
3656 706.80444
3657 706.80444
3658 706.80444
3659 706.80444
3660 706.80444
3661 706.80444
3662 706.80444
3663 706.80444
3664 706.80444
3665 706.80444
3666 706.80444
3667 706.80444
3668 706.80444
3669 706.80444
3670 706.80444
3671 706.80444
3672 706.80444
3673 706.80444
3674 706.80444
3675 706.80444
3676 706.80444
3677 706.80444
3678 706.80444
3679 706.80444
3680 706.80444
3681 706.80444
3682 706.80444
3683 706.80444
3684 706.80444
3685 706.80444
3686 706.80444
3687 706.80444
3688 706.80444
3689 706.80444
3690 706.80444
3691 706.80444
3692 706.80444
3693 706.80444
3694 706.80444
3695 706.80444
3696 706.80444
3697 706.80444
3698 706.80444
3699 706.80444
3700 706.80444
3701 706.80444
3702 706.80444
3703 706.80444
3704 706.80444
3705 706.80444
3706 706.80444
3707 706.80444
3708 706.80444
3709 706.80444
3710 706.80444
3711 706.80444
3712 706.80444
3713 706.80444
3714 706.80444
3715 706.80444
3716 706.80444
3717 706.80444
3718 706.80444
3719 706.80444
3720 706.80444
3721 706.80444
3722 706.80444
3723 706.80444
3724 706.80444
3725 706.80444
3726 706.80444
3727 706.80444
3728 706.80444
3729 706.80444
3730 706.80444
3731 706.80444
3732 706.80444
3733 706.80444
3734 706.80444
3735 706.80444
3736 706.80444
3737 706.80444
3738 706.80444
3739 706.80444
3740 706.80444
3741 706.80444
3742 706.80444
3743 706.80444
3744 706.80444
3745 706.80444
3746 706.80444
3747 706.80444
3748 706.80444
3749 706.80444
3750 706.80444
3751 706.80444
3752 706.80444
3753 706.80444
3754 706.80444
3755 706.80444
3756 706.80444
3757 706.80444
3758 706.80444
3759 706.80444
3760 706.80444
3761 706.80444
3762 706.80444
3763 706.80444
3764 706.80444
3765 706.80444
3766 706.80444
3767 706.80444
3768 706.80444
3769 706.80444
3770 706.80444
3771 706.80444
3772 706.80444
3773 706.80444
3774 706.80444
3775 706.80444
3776 706.80444
3777 706.80444
3778 706.80444
3779 706.80444
3780 706.80444
3781 706.80444
3782 706.80444
3783 706.80444
3784 706.80444
3785 706.80444
3786 706.80444
3787 706.80444
3788 706.80444
3789 706.80444
3790 706.80444
3791 706.80444
3792 706.80444
3793 706.80444
3794 706.80444
3795 706.80444
3796 706.80444
3797 706.80444
3798 706.80444
3799 706.80444
3800 706.80444
3801 706.80444
3802 706.80444
3803 706.80444
3804 706.80444
3805 706.80444
3806 706.80444
3807 706.80444
3808 706.80444
3809 706.80444
3810 706.80444
3811 706.80444
3812 706.80444
3813 706.80444
3814 706.80444
3815 706.80444
3816 706.80444
3817 706.80444
3818 706.80444
3819 706.80444
3820 706.80444
3821 706.80444
3822 706.80444
3823 706.80444
3824 706.80444
3825 706.80444
3826 706.80444
3827 706.80444
3828 706.80444
3829 706.80444
3830 706.80444
3831 706.80444
3832 706.80444
3833 706.80444
3834 706.80444
3835 706.80444
3836 706.80444
3837 706.80444
3838 706.80444
3839 706.80444
3840 706.80444
3841 706.80444
3842 706.80444
3843 706.80444
3844 706.80444
3845 706.80444
3846 706.80444
3847 706.80444
3848 706.80444
3849 706.80444
3850 706.80444
3851 706.80444
3852 706.80444
3853 706.80444
3854 706.80444
3855 706.80444
3856 706.80444
3857 706.80444
3858 706.80444
3859 706.80444
3860 706.80444
3861 706.80444
3862 706.80444
3863 706.80444
3864 706.80444
3865 706.80444
3866 706.80444
3867 706.80444
3868 706.80444
3869 706.80444
3870 706.80444
3871 706.80444
3872 706.80444
3873 706.80444
3874 706.80444
3875 706.80444
3876 706.80444
3877 706.80444
3878 706.80444
3879 706.80444
3880 706.80444
3881 706.80444
3882 706.80444
3883 706.80444
3884 706.80444
3885 706.80444
3886 706.80444
3887 706.80444
3888 706.80444
3889 706.80444
3890 706.80444
3891 706.80444
3892 706.80444
3893 706.80444
3894 706.80444
3895 706.80444
3896 706.80444
3897 706.80444
3898 706.80444
3899 706.80444
3900 706.80444
3901 706.80444
3902 706.80444
3903 706.80444
3904 706.80444
3905 706.80444
3906 706.80444
3907 706.80444
3908 706.80444
3909 706.80444
3910 706.80444
3911 706.80444
3912 706.80444
3913 706.80444
3914 706.80444
3915 706.80444
3916 706.80444
3917 706.80444
3918 706.80444
3919 706.80444
3920 706.80444
3921 706.80444
3922 706.80444
3923 706.80444
3924 706.80444
3925 706.80444
3926 706.80444
3927 706.80444
3928 706.80444
3929 706.80444
3930 706.80444
3931 706.80444
3932 706.80444
3933 706.80444
3934 706.80444
3935 706.80444
3936 706.80444
3937 706.80444
3938 706.80444
3939 706.80444
3940 706.80444
3941 706.80444
3942 706.80444
3943 706.80444
3944 706.80444
3945 706.80444
3946 706.80444
3947 706.80444
3948 706.80444
3949 706.80444
3950 706.80444
3951 706.80444
3952 706.80444
3953 706.80444
3954 706.80444
3955 706.80444
3956 706.80444
3957 706.80444
3958 706.80444
3959 706.80444
3960 706.80444
3961 706.80444
3962 706.80444
3963 706.80444
3964 706.80444
3965 706.80444
3966 706.80444
3967 706.80444
3968 706.80444
3969 706.80444
3970 706.80444
3971 706.80444
3972 706.80444
3973 706.80444
3974 706.80444
3975 706.80444
3976 706.80444
3977 706.80444
3978 706.80444
3979 706.80444
3980 706.80444
3981 706.80444
3982 706.80444
3983 706.80444
3984 706.80444
3985 706.80444
3986 706.80444
3987 706.80444
3988 706.80444
3989 706.80444
3990 706.80444
3991 706.80444
3992 706.80444
3993 706.80444
3994 706.80444
3995 706.80444
3996 706.80444
3997 706.80444
3998 706.80444
3999 706.80444
4000 706.80444
4001 706.80444
4002 706.80444
4003 706.80444
4004 706.80444
4005 706.80444
4006 706.80444
4007 706.80444
4008 706.80444
4009 706.80444
4010 706.80444
4011 706.80444
4012 706.80444
4013 706.80444
4014 706.80444
4015 706.80444
4016 706.80444
4017 706.80444
4018 706.80444
4019 706.80444
4020 706.80444
4021 706.80444
4022 706.80444
4023 706.80444
4024 706.80444
4025 706.80444
4026 706.80444
4027 706.80444
4028 706.80444
4029 706.80444
4030 706.80444
4031 706.80444
4032 706.80444
4033 706.80444
4034 706.80444
4035 706.80444
4036 706.80444
4037 706.80444
4038 706.80444
4039 706.80444
4040 706.80444
4041 706.80444
4042 706.80444
4043 706.80444
4044 706.80444
4045 706.80444
4046 706.80444
4047 706.80444
4048 706.80444
4049 706.80444
4050 706.80444
4051 706.80444
4052 706.80444
4053 706.80444
4054 706.80444
4055 706.80444
4056 706.80444
4057 706.80444
4058 706.80444
4059 706.80444
4060 706.80444
4061 706.80444
4062 706.80444
4063 706.80444
4064 706.80444
4065 706.80444
4066 706.80444
4067 706.80444
4068 706.80444
4069 706.80444
4070 706.80444
4071 706.80444
4072 706.80444
4073 706.80444
4074 706.80444
4075 706.80444
4076 706.80444
4077 706.80444
4078 706.80444
4079 706.80444
4080 706.80444
4081 706.80444
4082 706.80444
4083 706.80444
4084 706.80444
4085 706.80444
4086 706.80444
4087 706.80444
4088 706.80444
4089 706.80444
4090 706.80444
4091 706.80444
4092 706.80444
4093 706.80444
4094 706.80444
4095 706.80444
4096 706.80444
4097 706.80444
4098 706.80444
4099 706.80444
4100 706.80444
4101 706.80444
4102 706.80444
4103 706.80444
4104 706.80444
4105 706.80444
4106 706.80444
4107 706.80444
4108 706.80444
4109 706.80444
4110 706.80444
4111 706.80444
4112 706.80444
4113 706.80444
4114 706.80444
4115 706.80444
4116 706.80444
4117 706.80444
4118 706.80444
4119 706.80444
4120 706.80444
4121 706.80444
4122 706.80444
4123 706.80444
4124 706.80444
4125 706.80444
4126 706.80444
4127 706.80444
4128 706.80444
4129 706.80444
4130 706.80444
4131 706.80444
4132 706.80444
4133 706.80444
4134 706.80444
4135 706.80444
4136 706.80444
4137 706.80444
4138 706.80444
4139 706.80444
4140 706.80444
4141 706.80444
4142 706.80444
4143 706.80444
4144 706.80444
4145 706.80444
4146 706.80444
4147 706.80444
4148 706.80444
4149 706.80444
4150 706.80444
4151 706.80444
4152 706.80444
4153 706.80444
4154 706.80444
4155 706.80444
4156 706.80444
4157 706.80444
4158 706.80444
4159 706.80444
4160 706.80444
4161 706.80444
4162 706.80444
4163 706.80444
4164 706.80444
4165 706.80444
4166 706.80444
4167 706.80444
4168 706.80444
4169 706.80444
4170 706.80444
4171 706.80444
4172 706.80444
4173 706.80444
4174 706.80444
4175 706.80444
4176 706.80444
4177 706.80444
4178 706.80444
4179 706.80444
4180 706.80444
4181 706.80444
4182 706.80444
4183 706.80444
4184 706.80444
4185 706.80444
4186 706.80444
4187 706.80444
4188 706.80444
4189 706.80444
4190 706.80444
4191 706.80444
4192 706.80444
4193 706.80444
4194 706.80444
4195 706.80444
4196 706.80444
4197 706.80444
4198 706.80444
4199 706.80444
4200 706.80444
4201 706.80444
4202 706.80444
4203 706.80444
4204 706.80444
4205 706.80444
4206 706.80444
4207 706.80444
4208 706.80444
4209 706.80444
4210 706.80444
4211 706.80444
4212 706.80444
4213 706.80444
4214 706.80444
4215 706.80444
4216 706.80444
4217 706.80444
4218 706.80444
4219 706.80444
4220 706.80444
4221 706.80444
4222 706.80444
4223 706.80444
4224 706.80444
4225 706.80444
4226 706.80444
4227 706.80444
4228 706.80444
4229 706.80444
4230 706.80444
4231 706.80444
4232 706.80444
4233 706.80444
4234 706.80444
4235 706.80444
4236 706.80444
4237 706.80444
4238 706.80444
4239 706.80444
4240 706.80444
4241 706.80444
4242 706.80444
4243 706.80444
4244 706.80444
4245 706.80444
4246 706.80444
4247 706.80444
4248 706.80444
4249 706.80444
4250 706.80444
4251 706.80444
4252 706.80444
4253 706.80444
4254 706.80444
4255 706.80444
4256 706.80444
4257 706.80444
4258 706.80444
4259 706.80444
4260 706.80444
4261 706.80444
4262 706.80444
4263 706.80444
4264 706.80444
4265 706.80444
4266 706.80444
4267 706.80444
4268 706.80444
4269 706.80444
4270 706.80444
4271 706.80444
4272 706.80444
4273 706.80444
4274 706.80444
4275 706.80444
4276 706.80444
4277 706.80444
4278 706.80444
4279 706.80444
4280 706.80444
4281 706.80444
4282 706.80444
4283 706.80444
4284 706.80444
4285 706.80444
4286 706.80444
4287 706.80444
4288 706.80444
4289 706.80444
4290 706.80444
4291 706.80444
4292 706.80444
4293 706.80444
4294 706.80444
4295 706.80444
4296 706.80444
4297 706.80444
4298 706.80444
4299 706.80444
4300 706.80444
4301 706.80444
4302 706.80444
4303 706.80444
4304 706.80444
4305 706.80444
4306 706.80444
4307 706.80444
4308 706.80444
4309 706.80444
4310 706.80444
4311 706.80444
4312 706.80444
4313 706.80444
4314 706.80444
4315 706.80444
4316 706.80444
4317 706.80444
4318 706.80444
4319 706.80444
4320 706.80444
4321 706.80444
4322 706.80444
4323 706.80444
4324 706.80444
4325 706.80444
4326 706.80444
4327 706.80444
4328 706.80444
4329 706.80444
4330 706.80444
4331 706.80444
4332 706.80444
4333 706.80444
4334 706.80444
4335 706.80444
4336 706.80444
4337 706.80444
4338 706.80444
4339 706.80444
4340 706.80444
4341 706.80444
4342 706.80444
4343 706.80444
4344 706.80444
4345 706.80444
4346 706.80444
4347 706.80444
4348 706.80444
4349 706.80444
4350 706.80444
4351 706.80444
4352 706.80444
4353 706.80444
4354 706.80444
4355 706.80444
4356 706.80444
4357 706.80444
4358 706.80444
4359 706.80444
4360 706.80444
4361 706.80444
4362 706.80444
4363 706.80444
4364 706.80444
4365 706.80444
4366 706.80444
4367 706.80444
4368 706.80444
4369 706.80444
4370 706.80444
4371 706.80444
4372 706.80444
4373 706.80444
4374 706.80444
4375 706.80444
4376 706.80444
4377 706.80444
4378 706.80444
4379 706.80444
4380 706.80444
4381 706.80444
4382 706.80444
4383 706.80444
4384 706.80444
4385 706.80444
4386 706.80444
4387 706.80444
4388 706.80444
4389 706.80444
4390 706.80444
4391 706.80444
4392 706.80444
4393 706.80444
4394 706.80444
4395 706.80444
4396 706.80444
4397 706.80444
4398 706.80444
4399 706.80444
4400 706.80444
4401 706.80444
4402 706.80444
4403 706.80444
4404 706.80444
4405 706.80444
4406 706.80444
4407 706.80444
4408 706.80444
4409 706.80444
4410 706.80444
4411 706.80444
4412 706.80444
4413 706.80444
4414 706.80444
4415 706.80444
4416 706.80444
4417 706.80444
4418 706.80444
4419 706.80444
4420 706.80444
4421 706.80444
4422 706.80444
4423 706.80444
4424 706.80444
4425 706.80444
4426 706.80444
4427 706.80444
4428 706.80444
4429 706.80444
4430 706.80444
4431 706.80444
4432 706.80444
4433 706.80444
4434 706.80444
4435 706.80444
4436 706.80444
4437 706.80444
4438 706.80444
4439 706.80444
4440 706.80444
4441 706.80444
4442 706.80444
4443 706.80444
4444 706.80444
4445 706.80444
4446 706.80444
4447 706.80444
4448 706.80444
4449 706.80444
4450 706.80444
4451 706.80444
4452 706.80444
4453 706.80444
4454 706.80444
4455 706.80444
4456 706.80444
4457 706.80444
4458 706.80444
4459 706.80444
4460 706.80444
4461 706.80444
4462 706.80444
4463 706.80444
4464 706.80444
4465 706.80444
4466 706.80444
4467 706.80444
4468 706.80444
4469 706.80444
4470 706.80444
4471 706.80444
4472 706.80444
4473 706.80444
4474 706.80444
4475 706.80444
4476 706.80444
4477 706.80444
4478 706.80444
4479 706.80444
4480 706.80444
4481 706.80444
4482 706.80444
4483 706.80444
4484 706.80444
4485 706.80444
4486 706.80444
4487 706.80444
4488 706.80444
4489 706.80444
4490 706.80444
4491 706.80444
4492 706.80444
4493 706.80444
4494 706.80444
4495 706.80444
4496 706.80444
4497 706.80444
4498 706.80444
4499 706.80444
4500 706.80444
4501 706.80444
4502 706.80444
4503 706.80444
4504 706.80444
4505 706.80444
4506 706.80444
4507 706.80444
4508 706.80444
4509 706.80444
4510 706.80444
4511 706.80444
4512 706.80444
4513 706.80444
4514 706.80444
4515 706.80444
4516 706.80444
4517 706.80444
4518 706.80444
4519 706.80444
4520 706.80444
4521 706.80444
4522 706.80444
4523 706.80444
4524 706.80444
4525 706.80444
4526 706.80444
4527 706.80444
4528 706.80444
4529 706.80444
4530 706.80444
4531 706.80444
4532 706.80444
4533 706.80444
4534 706.80444
4535 706.80444
4536 706.80444
4537 706.80444
4538 706.80444
4539 706.80444
4540 706.80444
4541 706.80444
4542 706.80444
4543 706.80444
4544 706.80444
4545 706.80444
4546 706.80444
4547 706.80444
4548 706.80444
4549 706.80444
4550 706.80444
4551 706.80444
4552 706.80444
4553 706.80444
4554 706.80444
4555 706.80444
4556 706.80444
4557 706.80444
4558 706.80444
4559 706.80444
4560 706.80444
4561 706.80444
4562 706.80444
4563 706.80444
4564 706.80444
4565 706.80444
4566 706.80444
4567 706.80444
4568 706.80444
4569 706.80444
4570 706.80444
4571 706.80444
4572 706.80444
4573 706.80444
4574 706.80444
4575 706.80444
4576 706.80444
4577 706.80444
4578 706.80444
4579 706.80444
4580 706.80444
4581 706.80444
4582 706.80444
4583 706.80444
4584 706.80444
4585 706.80444
4586 706.80444
4587 706.80444
4588 706.80444
4589 706.80444
4590 706.80444
4591 706.80444
4592 706.80444
4593 706.80444
4594 706.80444
4595 706.80444
4596 706.80444
4597 706.80444
4598 706.80444
4599 706.80444
4600 706.80444
4601 706.80444
4602 706.80444
4603 706.80444
4604 706.80444
4605 706.80444
4606 706.80444
4607 706.80444
4608 706.80444
4609 706.80444
4610 706.80444
4611 706.80444
4612 706.80444
4613 706.80444
4614 706.80444
4615 706.80444
4616 706.80444
4617 706.80444
4618 706.80444
4619 706.80444
4620 706.80444
4621 706.80444
4622 706.80444
4623 706.80444
4624 706.80444
4625 706.80444
4626 706.80444
4627 706.80444
4628 706.80444
4629 706.80444
4630 706.80444
4631 706.80444
4632 706.80444
4633 706.80444
4634 706.80444
4635 706.80444
4636 706.80444
4637 706.80444
4638 706.80444
4639 706.80444
4640 706.80444
4641 706.80444
4642 706.80444
4643 706.80444
4644 706.80444
4645 706.80444
4646 706.80444
4647 706.80444
4648 706.80444
4649 706.80444
4650 706.80444
4651 706.80444
4652 706.80444
4653 706.80444
4654 706.80444
4655 706.80444
4656 706.80444
4657 706.80444
4658 706.80444
4659 706.80444
4660 706.80444
4661 706.80444
4662 706.80444
4663 706.80444
4664 706.80444
4665 706.80444
4666 706.80444
4667 706.80444
4668 706.80444
4669 706.80444
4670 706.80444
4671 706.80444
4672 706.80444
4673 706.80444
4674 706.80444
4675 706.80444
4676 706.80444
4677 706.80444
4678 706.80444
4679 706.80444
4680 706.80444
4681 706.80444
4682 706.80444
4683 706.80444
4684 706.80444
4685 706.80444
4686 706.80444
4687 706.80444
4688 706.80444
4689 706.80444
4690 706.80444
4691 706.80444
4692 706.80444
4693 706.80444
4694 706.80444
4695 706.80444
4696 706.80444
4697 706.80444
4698 706.80444
4699 706.80444
4700 706.80444
4701 706.80444
4702 706.80444
4703 706.80444
4704 706.80444
4705 706.80444
4706 706.80444
4707 706.80444
4708 706.80444
4709 706.80444
4710 706.80444
4711 706.80444
4712 706.80444
4713 706.80444
4714 706.80444
4715 706.80444
4716 706.80444
4717 706.80444
4718 706.80444
4719 706.80444
4720 706.80444
4721 706.80444
4722 706.80444
4723 706.80444
4724 706.80444
4725 706.80444
4726 706.80444
4727 706.80444
4728 706.80444
4729 706.80444
4730 706.80444
4731 706.80444
4732 706.80444
4733 706.80444
4734 706.80444
4735 706.80444
4736 706.80444
4737 706.80444
4738 706.80444
4739 706.80444
4740 706.80444
4741 706.80444
4742 706.80444
4743 706.80444
4744 706.80444
4745 706.80444
4746 706.80444
4747 706.80444
4748 706.80444
4749 706.80444
4750 706.80444
4751 706.80444
4752 706.80444
4753 706.80444
4754 706.80444
4755 706.80444
4756 706.80444
4757 706.80444
4758 706.80444
4759 706.80444
4760 706.80444
4761 706.80444
4762 706.80444
4763 706.80444
4764 706.80444
4765 706.80444
4766 706.80444
4767 706.80444
4768 706.80444
4769 706.80444
4770 706.80444
4771 706.80444
4772 706.80444
4773 706.80444
4774 706.80444
4775 706.80444
4776 706.80444
4777 706.80444
4778 706.80444
4779 706.80444
4780 706.80444
4781 706.80444
4782 706.80444
4783 706.80444
4784 706.80444
4785 706.80444
4786 706.80444
4787 706.80444
4788 706.80444
4789 706.80444
4790 706.80444
4791 706.80444
4792 706.80444
4793 706.80444
4794 706.80444
4795 706.80444
4796 706.80444
4797 706.80444
4798 706.80444
4799 706.80444
4800 706.80444
4801 706.80444
4802 706.80444
4803 706.80444
4804 706.80444
4805 706.80444
4806 706.80444
4807 706.80444
4808 706.80444
4809 706.80444
4810 706.80444
4811 706.80444
4812 706.80444
4813 706.80444
4814 706.80444
4815 706.80444
4816 706.80444
4817 706.80444
4818 706.80444
4819 706.80444
4820 706.80444
4821 706.80444
4822 706.80444
4823 706.80444
4824 706.80444
4825 706.80444
4826 706.80444
4827 706.80444
4828 706.80444
4829 706.80444
4830 706.80444
4831 706.80444
4832 706.80444
4833 706.80444
4834 706.80444
4835 706.80444
4836 706.80444
4837 706.80444
4838 706.80444
4839 706.80444
4840 706.80444
4841 706.80444
4842 706.80444
4843 706.80444
4844 706.80444
4845 706.80444
4846 706.80444
4847 706.80444
4848 706.80444
4849 706.80444
4850 706.80444
4851 706.80444
4852 706.80444
4853 706.80444
4854 706.80444
4855 706.80444
4856 706.80444
4857 706.80444
4858 706.80444
4859 706.80444
4860 706.80444
4861 706.80444
4862 706.80444
4863 706.80444
4864 706.80444
4865 706.80444
4866 706.80444
4867 706.80444
4868 706.80444
4869 706.80444
4870 706.80444
4871 706.80444
4872 706.80444
4873 706.80444
4874 706.80444
4875 706.80444
4876 706.80444
4877 706.80444
4878 706.80444
4879 706.80444
4880 706.80444
4881 706.80444
4882 706.80444
4883 706.80444
4884 706.80444
4885 706.80444
4886 706.80444
4887 706.80444
4888 706.80444
4889 706.80444
4890 706.80444
4891 706.80444
4892 706.80444
4893 706.80444
4894 706.80444
4895 706.80444
4896 706.80444
4897 706.80444
4898 706.80444
4899 706.80444
4900 706.80444
4901 706.80444
4902 706.80444
4903 706.80444
4904 706.80444
4905 706.80444
4906 706.80444
4907 706.80444
4908 706.80444
4909 706.80444
4910 706.80444
4911 706.80444
4912 706.80444
4913 706.80444
4914 706.80444
4915 706.80444
4916 706.80444
4917 706.80444
4918 706.80444
4919 706.80444
4920 706.80444
4921 706.80444
4922 706.80444
4923 706.80444
4924 706.80444
4925 706.80444
4926 706.80444
4927 706.80444
4928 706.80444
4929 706.80444
4930 706.80444
4931 706.80444
4932 706.80444
4933 706.80444
4934 706.80444
4935 706.80444
4936 706.80444
4937 706.80444
4938 706.80444
4939 706.80444
4940 706.80444
4941 706.80444
4942 706.80444
4943 706.80444
4944 706.80444
4945 706.80444
4946 706.80444
4947 706.80444
4948 706.80444
4949 706.80444
4950 706.80444
4951 706.80444
4952 706.80444
4953 706.80444
4954 706.80444
4955 706.80444
4956 706.80444
4957 706.80444
4958 706.80444
4959 706.80444
4960 706.80444
4961 706.80444
4962 706.80444
4963 706.80444
4964 706.80444
4965 706.80444
4966 706.80444
4967 706.80444
4968 706.80444
4969 706.80444
4970 706.80444
4971 706.80444
4972 706.80444
4973 706.80444
4974 706.80444
4975 706.80444
4976 706.80444
4977 706.80444
4978 706.80444
4979 706.80444
4980 706.80444
4981 706.80444
4982 706.80444
4983 706.80444
4984 706.80444
4985 706.80444
4986 706.80444
4987 706.80444
4988 706.80444
4989 706.80444
4990 706.80444
4991 706.80444
4992 706.80444
4993 706.80444
4994 706.80444
4995 706.80444
4996 706.80444
4997 706.80444
4998 706.80444
4999 706.80444
5000 706.80444
avg: 706.80444
time: 28.051
